11	60.00
12	60.00
13	60.00
14	60.00
15	60.00
16	60.00
17	60.00
18	60.00
19	60.00
20	60.00
21	60.00
22	60.00
23	60.00
24	60.00
25	60.00
26	60.00
27	60.00
28	60.00
29	60.00
30	60.00
31	59.05
32	60.95
33	62.86
34	64.76
35	66.67
36	68.57
37	70.48
38	72.38
39	74.29
40	76.19
41	78.10
42	80.00
43	81.90
44	83.81
45	85.71
46	87.62
47	89.52
48	91.43
49	93.33
50	95.24
51	97.14
52	99.05
53	97.14
54	95.24
55	93.33
56	91.43
57	89.52
58	87.62
59	85.71
60	83.81
61	81.90
62	80.00
63	78.10
64	76.19
65	74.29
66	72.38
67	70.48
68	68.57
69	66.67
70	64.76
71	62.86
72	60.95
73	60.00
74	60.00
75	60.00
76	60.00
77	60.00
78	60.00
79	60.00
80	60.00
81	60.00
82	60.00
83	60.00
84	60.00
85	60.00
86	60.00
87	60.00
88	60.00
89	60.00
90	60.00
91	60.00
92	60.00
93	60.00
94	60.00
95	60.00
96	60.00
97	60.00
98	60.00
99	60.00
100	60.00
101	60.00
102	60.00
103	60.00
104	60.00
105	60.00
106	60.00
107	60.00
108	60.00
109	60.00
110	60.00
111	60.00
112	60.00
113	60.00
114	60.00
115	60.00
116	60.00
117	60.00
118	60.00
119	60.00
120	60.00
121	60.00
122	60.00
123	60.00
124	60.00
125	60.00
126	60.00
127	60.00
128	60.00
129	60.00
130	60.00
131	60.00
132	60.00
133	60.00
134	60.00
135	60.00
136	60.00
137	60.00
138	60.00
139	60.00
140	60.00
141	60.00
142	60.00
143	60.00
144	60.00
145	60.00
146	60.00
147	60.00
148	60.00
149	60.00
150	60.00
151	60.00
152	60.00
153	60.00
154	60.00
155	60.00
156	60.00
157	60.00
158	60.00
159	60.00
160	60.00
161	60.00
162	60.00
163	60.00
164	60.00
165	60.00
166	60.00
167	60.00
168	60.00
169	60.00
170	60.00
171	60.00
172	60.00
173	60.00
174	60.00
175	60.00
176	60.00
177	60.00
178	60.00
179	60.00
180	60.00
181	60.00
182	60.00
183	60.00
184	60.00
185	60.00
186	60.00
187	60.00
188	60.00
189	60.00
190	60.00
191	60.00
192	60.00
193	60.00
194	60.00
195	60.00
196	60.00
197	60.00
198	60.00
199	60.00
200	60.00
201	60.00
202	60.00
203	60.00
204	60.00
205	60.00
206	60.00
207	60.00
208	60.00
209	60.00
210	60.00
211	60.00
212	60.00
213	60.00
214	60.00
215	60.00
216	60.00
217	60.00
218	60.00
219	60.00
220	60.00
221	60.00
222	60.00
223	60.00
224	60.00
225	60.00
226	60.00
227	60.00
228	60.00
229	60.00
230	60.00
231	60.00
232	60.00
233	60.00
234	60.00
235	60.00
236	60.00
237	60.00
238	60.00
239	60.00
240	60.00
241	60.00
242	60.00
243	60.00
244	60.00
245	60.00
246	60.00
247	60.00
248	60.00
249	60.00
250	60.00
251	60.00
252	60.00
253	60.00
254	60.00
