11	60.00
12	60.00
13	59.05
14	59.05
15	60.00
16	60.95
17	61.90
18	62.86
19	63.81
20	64.76
21	65.71
22	66.67
23	67.62
24	68.57
25	69.52
26	70.48
27	71.43
28	72.38
29	73.33
30	74.29
31	75.24
32	76.19
33	77.14
34	79.05
35	80.00
36	80.00
37	80.00
38	80.00
39	80.00
40	80.00
41	80.00
42	80.00
43	80.00
44	80.00
45	80.00
46	80.00
47	80.00
48	80.00
49	80.00
50	80.00
51	80.00
52	80.00
53	80.00
54	80.00
55	80.00
56	80.00
57	80.00
58	80.00
59	80.00
60	80.00
61	80.00
62	80.00
63	80.00
64	80.00
65	80.00
66	80.00
67	80.00
68	80.00
69	80.00
70	80.00
71	80.00
72	80.00
73	80.00
74	80.00
75	80.00
76	80.00
77	80.00
78	80.00
79	80.00
80	80.00
81	80.00
82	80.00
83	80.00
84	80.00
85	80.00
86	80.00
87	80.00
88	80.00
89	80.00
90	80.00
91	80.00
92	80.00
93	80.00
94	80.00
95	80.00
96	80.00
97	80.00
98	80.00
99	80.00
100	80.00
101	80.00
102	80.00
103	80.00
104	80.00
105	80.00
106	80.00
107	80.00
108	80.00
109	80.00
110	80.00
111	80.00
112	80.00
113	80.00
114	80.00
115	80.00
116	80.00
117	80.00
118	80.00
119	80.00
120	80.00
121	80.00
122	80.00
123	80.00
124	80.00
125	80.00
126	80.00
127	80.00
128	80.00
129	80.00
130	80.00
131	80.00
132	80.00
133	80.00
134	80.00
135	80.00
136	80.00
137	80.00
138	80.00
139	80.00
140	80.00
141	80.00
142	80.00
143	80.00
144	80.00
145	80.00
146	80.00
147	80.00
148	80.00
149	80.00
150	80.00
151	80.00
152	80.00
153	80.00
154	80.00
155	80.00
156	80.00
157	80.00
158	80.00
159	80.00
160	80.00
161	80.00
162	80.00
163	80.00
164	80.00
165	80.00
166	80.00
167	80.00
168	80.00
169	80.00
170	80.00
171	80.00
172	80.00
173	80.00
174	80.00
175	80.00
176	80.00
177	80.00
178	80.00
179	80.00
180	80.00
181	80.00
182	80.00
183	80.00
184	80.00
185	80.00
186	80.00
187	80.00
188	80.00
189	80.95
190	81.90
191	82.86
192	83.81
193	84.76
194	85.71
195	86.67
196	87.62
197	88.57
198	89.52
199	90.48
200	91.43
201	92.38
202	93.33
203	94.29
204	95.24
205	96.19
206	97.14
207	98.10
208	99.05
209	100.00
210	100.00
211	100.00
212	100.00
213	100.00
214	100.00
215	100.00
216	100.00
217	100.00
218	100.00
219	100.00
220	100.00
221	100.00
222	100.00
223	100.00
224	100.00
225	100.00
226	100.00
227	100.00
228	100.00
229	100.00
230	100.00
231	100.00
232	100.00
233	100.00
234	100.00
235	100.00
236	100.00
237	100.00
238	100.00
239	100.00
240	100.00
241	100.00
242	100.00
243	100.00
244	100.00
245	100.00
246	100.00
247	100.00
248	100.00
249	100.00
250	100.00
251	100.00
252	100.00
253	100.00
254	100.00
255	100.00
256	100.00
257	100.00
258	100.00
259	100.00
260	100.00
261	100.00
262	100.00
263	100.00
264	100.00
265	100.00
266	100.00
267	100.00
268	100.00
269	100.00
270	100.00
271	100.00
272	100.00
273	100.00
274	100.00
275	100.00
276	100.00
277	100.00
278	100.00
279	100.00
280	100.00
281	100.00
282	100.00
283	100.00
284	100.00
285	100.00
286	100.00
287	100.00
288	100.00
289	100.00
290	100.00
291	100.00
292	100.00
293	100.00
294	100.00
295	100.00
296	100.00
297	100.00
298	100.00
299	100.00
300	100.00
301	100.00
302	100.00
303	100.00
304	100.00
305	100.00
306	100.00
307	100.00
308	100.00
309	100.00
310	100.00
311	100.00
312	100.00
313	100.00
314	100.00
315	100.00
316	100.00
317	100.00
318	100.00
319	100.00
320	100.00
321	100.00
322	100.00
323	100.00
324	100.00
325	100.00
326	100.00
327	100.00
328	100.00
329	100.00
330	100.00
331	100.00
332	100.00
333	100.00
334	100.00
335	100.00
336	100.00
337	100.00
338	100.00
339	100.00
340	100.00
341	100.00
342	100.00
343	100.00
344	100.00
345	100.00
346	100.00
347	100.00
348	100.00
349	100.00
350	100.00
351	100.00
352	100.00
353	100.00
354	100.00
355	100.00
356	100.00
357	100.00
358	100.00
359	100.00
360	100.00
361	100.00
362	100.00
363	100.00
364	100.00
365	100.00
366	100.00
367	100.00
368	100.00
369	100.00
370	100.00
371	100.00
372	100.00
373	100.00
374	100.00
375	100.00
376	100.00
377	100.00
378	100.00
379	100.00
380	100.00
381	100.00
382	100.00
383	100.00
384	100.00
385	100.00
386	100.00
387	100.00
388	100.00
389	100.00
390	100.00
391	100.00
392	100.00
393	100.00
394	100.00
395	100.00
396	100.00
397	100.00
398	100.00
399	100.00
400	100.00
401	100.00
402	100.00
403	100.00
404	100.00
405	100.00
406	100.00
407	100.00
408	100.00
409	100.00
410	100.00
411	100.00
412	100.00
413	100.00
414	100.00
415	100.00
416	100.00
417	100.00
418	100.00
419	100.00
420	100.00
421	100.00
422	100.00
423	100.00
424	100.00
425	100.00
426	100.00
427	100.00
428	100.00
429	100.00
430	100.00
431	100.00
432	100.00
433	100.00
434	100.00
435	100.00
436	100.00
437	100.00
438	100.00
439	100.00
440	100.00
441	100.00
442	100.00
443	100.00
444	100.00
445	100.00
446	100.00
447	100.00
448	100.00
449	100.00
450	100.00
451	100.00
452	100.00
453	100.00
454	100.00
455	100.00
456	100.00
457	100.00
458	100.00
459	100.00
460	100.00
461	100.00
462	100.00
463	100.00
464	100.00
465	100.00
466	100.00
467	100.00
468	100.00
469	100.00
470	100.00
471	100.00
472	100.00
473	100.00
474	100.00
475	100.00
476	100.00
477	100.00
478	100.00
479	100.00
480	100.00
481	100.00
482	100.00
483	100.00
484	100.00
485	100.00
486	100.00
487	100.00
488	100.00
489	100.00
490	100.00
491	100.00
492	100.00
493	100.00
494	100.00
495	100.00
496	100.00
497	100.00
498	100.00
499	100.00
500	100.00
501	100.00
502	100.00
503	100.00
504	100.00
505	100.00
506	100.00
507	100.00
508	100.00
509	100.00
510	100.00
511	100.00
512	100.00
513	100.00
514	100.00
515	100.00
516	100.00
517	100.00
518	100.00
519	100.00
520	100.00
521	100.00
522	100.00
523	100.00
524	100.00
525	99.05
526	98.10
527	97.14
528	97.14
529	97.14
530	97.14
531	97.14
532	97.14
533	97.14
534	97.14
535	97.14
536	97.14
537	97.14
538	97.14
539	97.14
540	97.14
541	97.14
542	97.14
543	97.14
544	97.14
545	97.14
546	98.10
547	96.19
548	94.29
549	94.29
550	94.29
551	94.29
552	94.29
553	94.29
554	94.29
555	94.29
556	94.29
557	94.29
558	94.29
559	94.29
560	94.29
561	94.29
562	94.29
563	94.29
564	94.29
565	94.29
566	94.29
567	94.29
568	97.14
569	100.00
570	100.00
571	100.00
572	100.00
573	100.00
574	100.00
575	100.00
576	100.00
577	100.00
578	100.00
579	100.00
580	100.00
581	100.00
582	100.00
583	100.00
584	100.00
585	100.00
586	100.00
587	100.00
588	100.00
589	100.00
590	100.00
591	100.00
592	100.00
593	100.00
594	100.00
595	100.00
596	100.00
597	100.00
598	100.00
599	100.00
600	100.00
601	100.00
602	100.00
603	100.00
604	100.00
605	100.00
606	100.00
607	100.00
608	100.00
609	100.00
610	100.00
611	100.00
612	100.00
613	100.00
614	100.00
615	100.00
616	100.00
617	100.00
618	100.00
619	100.00
620	100.00
621	100.00
622	100.00
623	100.00
624	100.00
625	100.00
626	100.00
627	100.00
628	100.00
629	100.00
630	100.00
631	100.00
632	100.00
633	100.00
634	100.00
635	100.00
636	100.00
637	100.00
638	100.00
639	100.00
640	100.00
641	100.00
642	100.00
643	100.00
644	100.00
645	100.00
646	100.00
647	100.00
648	100.00
649	100.00
650	100.00
651	100.00
652	100.00
653	100.00
654	100.00
655	100.00
656	100.00
657	100.00
658	100.00
659	100.00
660	100.00
661	100.00
662	100.00
663	100.00
664	100.00
665	100.00
666	100.00
667	100.00
668	100.00
669	100.00
670	100.00
671	100.00
672	100.00
673	100.00
674	100.00
675	100.00
676	100.00
677	100.00
678	100.00
679	100.00
680	100.00
681	100.00
682	100.00
683	100.00
684	100.00
685	100.00
686	100.00
687	100.00
688	100.00
689	100.00
690	100.00
691	100.00
692	100.00
693	100.00
694	100.00
695	100.00
696	100.00
697	100.00
698	100.00
699	100.00
700	100.00
701	99.05
702	98.10
703	97.14
704	96.19
705	95.24
706	94.29
707	93.33
708	92.38
709	91.43
710	90.48
711	89.52
712	88.57
713	87.62
714	86.67
715	85.71
716	84.76
717	83.81
718	82.86
719	81.90
720	80.95
721	80.00
722	80.00
723	80.00
724	80.00
725	80.00
726	80.00
727	80.00
728	80.00
729	80.00
730	80.00
731	80.00
732	80.00
733	80.00
734	80.00
735	80.00
736	80.00
737	80.00
738	80.00
739	80.00
740	80.00
741	80.00
742	80.00
743	80.00
744	80.00
745	80.00
746	80.00
747	80.00
748	80.00
749	80.00
750	80.00
751	80.00
752	80.00
753	80.00
754	80.00
755	80.00
756	80.00
757	80.00
758	80.00
759	80.00
760	80.00
761	80.00
762	80.00
763	80.00
764	80.00
765	80.00
766	80.00
767	80.00
768	80.00
769	80.00
770	80.00
771	80.00
772	80.00
773	80.00
774	80.00
775	80.00
776	80.00
777	80.00
778	80.00
779	80.00
780	80.00
781	80.00
782	80.00
783	80.00
784	80.00
785	80.00
786	80.00
787	80.00
788	80.00
789	80.00
790	80.00
791	80.00
792	80.00
793	80.00
794	80.00
795	80.00
796	80.00
797	80.00
798	80.00
799	80.00
800	80.00
801	80.00
802	80.00
803	80.00
804	80.00
805	80.00
806	80.00
807	80.00
808	80.00
809	80.00
810	80.00
811	80.00
812	80.00
813	80.00
814	80.00
815	80.00
816	80.00
817	80.00
818	80.00
819	80.00
820	80.00
821	80.00
822	80.00
823	80.00
824	80.00
825	80.00
826	80.00
827	80.00
828	80.00
829	80.00
830	80.00
831	80.00
832	80.00
833	80.00
834	80.00
835	80.00
836	80.00
837	80.00
838	80.00
839	80.00
840	80.00
841	80.00
842	80.00
843	80.00
844	80.00
845	80.00
846	80.00
847	80.00
848	80.00
849	80.00
850	80.00
851	80.00
852	80.00
853	80.00
854	80.00
855	80.00
856	80.00
857	80.00
858	80.00
859	80.00
860	80.00
861	80.00
862	80.00
863	80.00
864	80.00
865	80.00
866	80.00
867	80.00
868	80.00
869	80.00
870	80.00
871	80.00
872	80.00
873	80.00
874	80.00
875	80.00
876	80.00
877	80.00
878	80.00
879	80.00
880	80.00
881	80.00
882	80.00
883	80.00
884	80.00
885	80.00
886	80.00
887	80.00
888	80.00
889	80.00
890	80.00
891	80.00
892	80.00
893	80.00
894	80.00
895	80.00
896	80.00
897	80.00
898	80.00
899	80.00
900	80.00
901	80.00
902	80.00
903	80.00
904	80.00
905	80.00
906	80.00
907	80.00
908	80.00
909	80.00
910	80.00
911	80.00
912	80.00
913	80.00
914	80.00
915	80.00
916	80.00
917	80.00
918	80.00
919	80.00
920	80.00
921	80.00
922	80.00
923	80.00
924	80.00
925	80.00
926	80.00
927	80.00
928	80.00
929	80.00
930	80.00
931	80.00
932	80.00
933	80.00
934	80.00
935	80.00
936	80.00
937	80.00
938	80.00
939	80.00
940	80.00
941	80.00
942	80.00
943	80.00
944	80.00
945	80.00
946	80.00
947	80.00
948	80.00
949	80.00
950	80.00
951	80.00
952	80.00
953	80.00
954	80.00
955	80.00
956	80.00
957	80.00
958	80.00
959	80.00
960	80.00
961	80.00
962	80.00
963	80.00
964	80.00
965	80.00
