11	60.00
12	60.00
13	59.05
14	58.10
15	57.14
16	58.10
17	59.05
18	60.00
19	60.95
20	61.90
21	62.86
22	63.81
23	64.76
24	65.71
25	66.67
26	67.62
27	68.57
28	69.52
29	70.48
30	71.43
31	72.38
32	73.33
33	74.29
34	76.19
35	78.10
36	80.00
37	80.00
38	80.00
39	80.00
40	80.00
41	80.00
42	80.00
43	80.00
44	80.00
45	80.00
46	80.00
47	80.00
48	80.00
49	80.00
50	80.00
51	80.00
52	80.00
53	80.00
54	80.00
55	80.00
56	80.00
57	80.00
58	80.00
59	80.00
60	80.00
61	80.00
62	80.00
63	80.00
64	80.00
65	80.00
66	80.00
67	80.00
68	80.00
69	80.00
70	80.00
71	80.00
72	80.00
73	80.00
74	80.00
75	80.00
76	80.00
77	80.00
78	80.00
79	80.00
80	80.00
81	80.00
82	80.00
83	80.00
84	80.00
85	80.00
86	80.00
87	80.00
88	80.00
89	80.00
90	80.00
91	80.00
92	80.00
93	80.00
94	80.00
95	80.00
96	80.00
97	80.00
98	80.00
99	80.00
100	80.00
101	80.00
102	80.00
103	80.00
104	80.00
105	80.00
106	80.00
107	80.00
108	80.00
109	80.00
110	80.00
111	80.00
112	80.00
113	80.00
114	80.00
115	80.00
116	80.00
117	80.00
118	80.00
119	80.00
120	80.00
121	80.00
122	80.00
123	80.00
124	80.00
125	80.00
126	80.00
127	80.00
128	80.00
129	80.00
130	80.00
131	80.00
132	80.00
133	80.00
134	80.00
135	80.00
136	80.00
137	80.00
138	80.00
139	80.00
140	80.00
141	80.00
142	80.00
143	80.00
144	80.00
145	80.00
146	80.00
147	80.00
148	80.00
149	80.00
150	80.00
151	80.00
152	80.00
153	80.00
154	80.00
155	80.00
156	80.00
157	80.00
158	80.00
159	80.00
160	80.00
161	80.00
162	80.00
163	80.00
164	80.00
165	80.00
166	80.00
167	80.00
168	80.00
169	80.00
170	80.00
171	80.00
172	80.00
173	80.00
174	80.00
175	80.00
176	80.00
177	80.00
178	80.00
179	80.00
180	80.00
181	80.00
182	80.00
183	80.00
184	80.00
185	80.00
186	80.00
187	80.00
188	80.00
189	80.00
190	80.00
191	80.00
192	80.00
193	80.00
194	80.00
195	80.00
196	80.00
197	80.00
198	80.00
199	80.00
200	80.00
201	80.00
202	80.00
203	80.00
204	80.00
205	80.00
206	80.00
207	80.00
208	80.00
209	80.00
210	80.00
211	80.00
212	80.00
213	80.00
214	80.00
215	80.00
216	80.00
217	80.00
218	80.00
219	80.00
220	80.00
221	80.00
222	80.00
223	80.00
224	80.00
225	80.00
226	80.00
227	80.00
228	80.00
229	80.00
230	80.00
231	80.00
232	80.00
233	80.00
234	80.00
235	80.00
236	80.00
237	80.00
238	80.00
239	80.00
240	80.00
241	80.00
242	80.00
243	80.00
244	80.00
245	80.00
246	80.00
247	80.00
248	80.00
249	80.00
250	80.00
251	80.00
252	80.00
253	80.00
254	80.00
255	80.00
256	80.00
257	80.00
258	80.00
259	80.00
260	80.00
261	80.00
262	80.00
263	80.00
264	80.00
265	80.00
266	80.00
267	80.00
268	80.00
269	80.00
270	80.00
271	80.00
272	80.00
273	80.00
274	80.00
275	80.00
276	80.00
277	80.00
278	80.00
279	80.00
280	80.00
281	80.00
282	80.00
283	80.00
284	80.00
285	80.00
286	80.00
287	80.00
288	80.00
289	80.00
290	80.00
291	80.00
292	80.00
293	80.00
294	80.00
295	80.00
296	80.00
297	80.00
298	80.00
299	80.00
300	80.00
301	80.00
302	80.00
303	80.00
304	80.00
305	80.00
306	80.00
307	80.00
308	80.00
309	80.00
310	80.00
311	80.00
312	80.00
313	80.00
314	80.00
315	80.00
316	80.00
317	80.00
318	80.00
319	80.00
320	80.00
321	80.00
322	80.00
323	80.00
324	80.00
325	80.00
326	80.00
327	80.00
328	80.00
329	80.00
330	80.00
331	80.00
332	80.00
333	80.00
334	80.00
335	80.00
336	80.00
337	80.00
338	80.00
339	80.00
340	80.00
341	80.00
342	80.00
343	80.00
344	80.00
345	80.00
346	80.00
347	80.00
348	80.00
349	80.00
350	80.00
351	80.00
352	80.00
353	80.00
354	80.00
355	80.00
356	80.00
357	80.00
358	80.00
359	80.00
360	80.00
361	80.00
362	80.00
363	80.00
364	80.00
365	80.00
366	80.00
367	80.00
368	80.00
369	80.00
370	80.00
371	80.00
372	80.00
373	80.00
374	80.00
375	80.00
376	80.00
377	80.00
378	80.00
379	80.00
380	80.00
381	80.00
382	80.00
383	80.00
384	80.00
385	80.00
386	80.00
387	80.00
388	80.00
389	80.00
390	80.00
391	80.00
392	80.00
393	80.00
394	80.00
395	80.00
396	80.00
397	80.00
398	80.00
399	80.00
400	80.00
401	80.00
402	80.00
403	80.00
404	80.00
405	80.00
406	80.00
407	80.00
408	80.00
409	80.00
410	80.00
411	80.00
412	80.00
413	80.00
414	80.00
415	80.00
416	80.00
417	80.00
418	80.00
419	80.00
420	80.00
421	80.00
422	80.00
423	80.00
424	80.00
425	80.00
426	80.00
427	80.00
428	80.00
429	80.00
430	80.00
431	80.00
432	80.00
433	80.00
434	80.00
435	80.00
436	80.00
437	80.00
438	80.00
439	80.00
440	80.00
441	80.00
442	80.00
443	80.00
444	80.00
445	80.00
446	80.00
447	80.00
448	80.00
449	80.00
450	80.00
451	80.00
452	80.00
453	80.00
454	80.00
455	80.00
456	80.00
457	80.00
458	80.00
459	80.00
460	80.00
461	80.00
462	80.00
463	80.00
464	80.00
465	80.00
466	80.00
467	80.00
468	80.00
469	80.00
470	80.00
471	80.00
472	80.00
473	80.00
474	80.00
475	80.00
476	80.00
477	80.00
478	80.00
479	80.00
480	80.00
481	80.00
482	80.00
483	80.00
484	80.00
485	80.00
486	80.00
487	80.00
488	80.00
489	80.00
490	80.00
491	80.00
492	80.00
493	80.00
494	80.00
495	80.00
496	80.00
497	80.00
498	80.00
499	80.00
500	80.00
501	80.00
502	80.00
503	80.00
504	80.00
505	80.00
506	80.00
507	80.00
508	80.00
509	80.00
510	80.00
511	80.00
512	79.05
513	79.05
514	79.05
515	80.00
516	80.95
517	81.90
518	82.86
519	83.81
520	84.76
521	85.71
522	86.67
523	87.62
524	88.57
525	89.52
526	90.48
527	91.43
528	92.38
529	93.33
530	94.29
531	95.24
532	95.24
533	96.19
534	94.29
535	92.38
536	91.43
537	90.48
538	89.52
539	88.57
540	87.62
541	86.67
542	85.71
543	84.76
544	83.81
545	82.86
546	81.90
547	80.95
548	80.00
549	79.05
550	78.10
551	77.14
552	76.19
553	76.19
554	76.19
555	78.10
556	80.00
557	80.00
558	80.00
559	80.00
560	80.00
561	80.00
562	80.00
563	80.00
564	80.00
565	80.00
566	80.00
567	80.00
568	80.00
569	80.00
570	80.00
571	80.00
572	80.00
573	80.00
574	80.00
575	80.00
576	80.00
577	80.00
578	80.00
579	80.00
580	80.00
581	80.00
582	80.00
583	80.00
584	80.00
585	80.00
586	80.00
587	80.00
588	80.00
589	80.00
590	80.00
591	80.00
592	80.00
593	80.00
594	80.00
595	80.00
596	80.00
597	80.00
598	80.00
599	80.00
600	80.00
601	80.00
602	80.00
603	80.00
604	80.00
605	80.00
606	80.00
607	80.00
608	80.00
609	80.00
610	80.00
611	80.00
612	80.00
613	80.00
614	80.00
615	80.00
616	80.00
617	80.00
618	80.00
619	80.00
620	80.00
621	80.00
622	80.00
623	80.00
624	80.00
625	80.00
626	80.00
627	80.00
628	80.00
629	80.00
630	80.00
631	80.00
632	80.00
633	80.00
634	80.00
635	80.00
636	80.00
637	80.00
638	80.00
639	80.00
640	80.00
641	80.00
642	80.00
643	80.00
644	80.00
645	80.00
646	80.00
647	80.00
648	80.00
649	80.00
650	80.00
651	80.00
652	80.00
653	80.00
654	80.00
655	80.00
656	80.00
657	80.00
658	80.00
659	80.00
660	80.00
661	80.00
662	80.00
663	80.00
664	80.00
665	80.00
666	80.00
667	80.95
668	81.90
669	82.86
670	83.81
671	84.76
672	85.71
673	86.67
674	87.62
675	88.57
676	89.52
677	90.48
678	91.43
679	92.38
680	93.33
681	94.29
682	95.24
683	96.19
684	97.14
685	98.10
686	99.05
687	100.00
688	100.00
689	100.00
690	100.00
691	100.00
692	100.00
693	100.00
694	100.00
695	100.00
696	100.00
697	100.00
698	100.00
699	100.00
700	100.00
701	100.00
702	100.00
703	100.00
704	100.00
705	100.00
706	100.00
707	100.00
708	100.00
709	100.00
710	100.00
711	100.00
712	100.00
713	100.00
714	100.00
715	100.00
716	100.00
717	100.00
718	100.00
719	100.00
720	100.00
721	100.00
722	100.00
723	100.00
724	100.00
725	100.00
726	100.00
727	100.00
728	100.00
729	100.00
730	100.00
731	100.00
732	100.00
733	100.00
734	100.00
735	100.00
736	100.00
737	100.00
738	100.00
739	100.00
740	100.00
741	100.00
742	100.00
743	100.00
744	100.00
745	100.00
746	100.00
747	100.00
748	100.00
749	100.00
750	100.00
751	100.00
752	100.00
753	100.00
754	100.00
755	100.00
756	100.00
757	100.00
758	100.00
759	100.00
760	100.00
761	100.00
762	100.00
763	100.00
764	100.00
765	100.00
766	100.00
767	100.00
768	100.00
769	100.00
770	100.00
771	100.00
772	100.00
773	100.00
774	100.00
775	100.00
776	100.00
777	100.00
778	100.00
779	100.00
780	100.00
781	100.00
782	100.00
783	100.00
784	100.00
785	100.00
786	100.00
787	100.00
788	100.00
789	100.00
790	100.00
791	100.00
792	100.00
793	100.00
794	100.00
795	100.00
796	100.00
797	100.00
798	100.00
799	100.00
800	100.00
801	100.00
802	100.00
803	100.00
804	100.00
805	100.00
806	100.00
807	100.00
808	100.00
809	100.00
810	100.00
811	100.00
812	100.00
813	100.00
814	100.00
815	100.00
816	100.00
817	100.00
818	100.00
819	100.00
820	100.00
821	100.00
822	100.00
823	100.00
824	100.00
825	100.00
826	100.00
827	100.00
828	100.00
829	100.00
830	100.00
831	100.00
832	100.00
833	100.00
834	100.00
835	100.00
836	100.00
837	100.00
838	100.00
839	100.00
840	100.00
841	100.00
842	100.00
843	100.00
844	100.00
845	100.00
846	100.00
847	100.00
848	100.00
849	100.00
850	100.00
851	100.00
852	100.00
853	100.00
854	100.00
855	100.00
856	100.00
857	100.00
858	100.00
859	100.00
860	100.00
861	100.00
862	100.00
863	100.00
864	100.00
865	100.00
866	100.00
867	100.00
868	100.00
869	100.00
870	100.00
871	100.00
872	100.00
873	100.00
874	100.00
875	100.00
876	100.00
877	100.00
878	100.00
879	100.00
880	100.00
881	100.00
882	100.00
883	100.00
884	100.00
885	100.00
886	100.00
887	100.00
888	100.00
889	100.00
890	100.00
891	100.00
892	100.00
893	100.00
894	100.00
895	100.00
896	100.00
897	100.00
898	100.00
899	100.00
900	100.00
901	100.00
902	100.00
903	100.00
904	100.00
905	100.00
906	100.00
907	100.00
908	100.00
909	100.00
910	100.00
911	100.00
912	100.00
913	100.00
914	100.00
915	100.00
916	100.00
917	100.00
918	100.00
919	100.00
920	100.00
921	100.00
922	100.00
923	100.00
924	100.00
925	100.00
926	100.00
927	100.00
928	100.00
929	100.00
930	100.00
931	100.00
932	100.00
933	100.00
934	100.00
935	100.00
936	100.00
937	100.00
938	100.00
939	100.00
940	100.00
941	100.00
942	100.00
943	100.00
944	100.00
945	100.00
946	100.00
947	100.00
948	100.00
949	100.00
950	100.00
951	100.00
952	100.00
953	100.00
954	100.00
955	100.00
956	100.00
957	100.00
958	100.00
959	100.00
960	100.00
961	100.00
962	100.00
963	100.00
964	100.00
965	100.00
