11	60.00
12	60.00
13	60.00
14	60.00
15	60.00
16	60.00
17	60.00
18	60.00
19	60.00
20	60.00
21	60.00
22	60.00
23	60.00
24	58.10
25	57.14
26	57.14
27	57.14
28	57.14
29	57.14
30	57.14
31	57.14
32	57.14
33	57.14
34	57.14
35	57.14
36	57.14
37	57.14
38	57.14
39	57.14
40	57.14
41	57.14
42	56.19
43	55.24
44	54.29
45	57.14
46	60.00
47	61.90
48	63.81
49	65.71
50	67.62
51	69.52
52	71.43
53	73.33
54	75.24
55	77.14
56	79.05
57	80.95
58	82.86
59	84.76
60	86.67
61	88.57
62	90.48
63	93.33
64	96.19
65	99.05
66	100.00
67	100.00
68	100.00
69	100.00
70	100.00
71	100.00
72	100.00
73	100.00
74	100.00
75	100.00
76	100.00
77	100.00
78	100.00
79	100.00
80	100.00
81	100.00
82	100.00
83	100.00
84	100.00
85	100.00
86	100.00
87	100.00
88	100.00
89	100.00
90	100.00
91	100.00
92	100.00
93	100.00
94	100.00
95	100.00
96	100.00
97	100.00
98	100.00
99	100.00
100	100.00
101	100.00
102	100.00
103	100.00
104	100.00
105	100.00
106	100.00
107	100.00
108	100.00
109	100.00
110	100.00
111	100.00
112	100.00
113	100.00
114	100.00
115	100.00
116	100.00
117	100.00
118	100.00
119	100.00
120	100.00
121	100.00
122	100.00
123	100.00
124	100.00
125	100.00
126	100.00
127	100.00
128	100.00
129	100.00
130	100.00
131	100.00
132	100.00
133	100.00
134	100.00
135	100.00
136	100.00
137	100.00
138	100.00
139	100.00
140	100.00
141	100.00
142	100.00
143	100.00
144	100.00
145	100.00
146	100.00
147	100.00
148	100.00
149	100.00
150	100.00
151	100.00
152	100.00
153	100.00
154	100.00
155	100.00
156	100.00
157	100.00
158	100.00
159	100.00
160	100.00
161	100.00
162	100.00
163	100.00
164	100.00
165	100.00
166	100.00
167	100.00
168	100.00
169	100.00
170	100.00
171	100.00
172	100.00
173	100.00
174	100.00
175	100.00
176	100.00
177	100.00
178	100.00
179	100.00
180	100.00
181	100.00
182	100.00
183	100.00
184	100.00
185	100.00
186	100.00
187	100.00
188	100.00
189	100.00
190	100.00
191	100.00
192	100.00
193	100.00
194	100.00
195	100.00
196	100.00
197	100.00
198	100.00
199	100.00
200	100.00
201	100.00
202	100.00
203	98.10
204	98.10
205	98.10
206	98.10
207	98.10
208	98.10
209	98.10
210	98.10
211	98.10
212	98.10
213	98.10
214	98.10
215	98.10
216	98.10
217	98.10
218	98.10
219	98.10
220	98.10
221	98.10
222	98.10
223	96.19
224	97.14
225	97.14
226	97.14
227	97.14
228	97.14
229	97.14
230	97.14
231	97.14
232	97.14
233	97.14
234	97.14
235	97.14
236	97.14
237	97.14
238	97.14
239	97.14
240	97.14
241	97.14
242	97.14
243	97.14
244	99.05
245	100.00
246	100.00
247	100.00
248	100.00
249	100.00
250	100.00
251	100.00
252	100.00
253	100.00
254	100.00
255	100.00
256	100.00
257	100.00
258	100.00
259	100.00
260	100.00
261	100.00
262	100.00
263	100.00
264	100.00
265	100.00
266	100.00
267	100.00
268	100.00
269	100.00
270	100.00
271	100.00
272	100.00
273	100.00
274	100.00
275	100.00
276	100.00
277	100.00
278	100.00
279	100.00
280	100.00
281	100.00
282	100.00
283	100.00
284	100.00
285	100.00
286	100.00
287	100.00
288	100.00
289	100.00
290	100.00
291	100.00
292	100.00
293	100.00
294	100.00
295	100.00
296	100.00
297	100.00
298	100.00
299	100.00
300	100.00
301	100.00
302	100.00
303	100.00
304	100.00
305	100.00
306	100.00
307	100.00
308	100.00
309	100.00
310	100.00
311	100.00
312	100.00
313	100.00
314	100.00
315	100.00
316	100.00
317	100.00
318	100.00
319	100.00
320	100.00
321	100.00
322	100.00
323	100.00
324	100.00
325	100.00
326	100.00
327	100.00
328	100.00
329	100.00
330	100.00
331	100.00
332	100.00
333	100.00
334	100.00
335	100.00
336	100.00
337	100.00
338	100.00
339	100.00
340	100.00
341	100.00
342	100.00
343	100.00
344	100.00
345	100.00
346	100.00
347	100.00
348	100.00
349	100.00
350	100.00
351	100.00
352	100.00
353	100.00
354	100.00
355	100.00
356	100.00
357	100.00
358	100.00
359	100.00
360	100.00
361	100.00
362	100.00
363	100.00
364	100.00
365	100.00
366	100.00
367	100.00
368	100.00
369	100.00
370	100.00
371	100.00
372	100.00
373	100.00
374	100.00
375	100.00
376	100.00
377	100.00
378	100.00
379	100.00
380	100.00
381	100.00
382	100.00
383	100.00
384	100.00
385	100.00
386	100.00
387	100.00
388	100.00
389	100.00
390	100.00
391	100.00
392	100.00
393	100.00
394	100.00
395	100.00
396	100.00
397	100.00
398	100.00
399	100.00
400	100.00
401	100.00
402	100.00
403	100.00
404	100.00
405	100.00
406	100.00
407	100.00
408	100.00
409	100.00
410	100.00
411	100.00
412	100.00
413	100.00
414	100.00
415	100.00
416	100.00
417	100.00
418	100.00
419	100.00
420	100.00
421	100.00
422	100.00
423	100.00
424	100.00
425	100.00
426	100.00
427	100.00
428	100.00
429	100.00
