11	60.00
12	60.00
13	60.00
14	60.00
15	60.00
16	60.00
17	60.00
18	61.90
19	63.81
20	65.71
21	67.62
22	69.52
23	71.43
24	73.33
25	75.24
26	77.14
27	79.05
28	80.95
29	82.86
30	84.76
31	86.67
32	88.57
33	90.48
34	92.38
35	94.29
36	96.19
37	98.10
38	100.00
39	100.00
40	100.00
41	100.00
42	100.00
43	100.00
44	100.00
45	100.00
46	100.00
47	100.00
48	100.00
49	100.00
50	100.00
51	100.00
52	100.00
53	100.00
54	100.00
55	100.00
56	100.00
57	100.00
58	100.00
59	100.00
60	100.00
61	100.00
62	100.00
63	100.00
64	100.00
65	100.00
66	100.00
67	100.00
68	100.00
69	100.00
70	100.00
71	100.00
72	100.00
73	100.00
74	100.00
75	100.00
76	100.00
77	100.00
78	100.00
79	100.00
80	100.00
81	100.00
82	100.00
83	100.00
84	100.00
85	100.00
86	100.00
87	100.00
88	100.00
89	100.00
90	100.00
91	100.00
92	100.00
93	100.00
94	100.00
95	100.00
96	100.00
97	100.00
98	100.00
99	100.00
100	100.00
101	100.00
102	100.00
103	100.00
104	100.00
105	100.00
106	100.00
107	100.00
108	100.00
109	100.00
110	100.00
111	100.00
112	100.00
113	100.00
114	100.00
115	100.00
116	100.00
117	100.00
118	100.00
119	100.00
120	100.00
121	100.00
122	100.00
123	100.00
124	100.00
125	100.00
126	100.00
127	100.00
128	100.00
129	100.00
130	100.00
131	100.00
132	100.00
133	100.00
134	100.00
135	100.00
136	100.00
137	100.00
138	100.00
139	100.00
140	100.00
141	100.00
142	100.00
143	100.00
144	100.00
145	100.00
146	100.00
147	100.00
148	100.00
149	100.00
150	100.00
151	100.00
152	100.00
153	100.00
154	100.00
155	100.00
156	100.00
157	100.00
158	100.00
159	100.00
160	100.00
161	100.00
162	100.00
163	100.00
164	100.00
165	100.00
166	100.00
167	100.00
168	100.00
169	100.00
170	100.00
171	100.00
172	100.00
173	100.00
174	100.00
175	100.00
176	100.00
177	100.00
178	100.00
179	100.00
180	100.00
181	100.00
182	100.00
183	100.00
184	100.00
185	100.00
186	100.00
187	100.00
188	100.00
189	100.00
190	100.00
191	100.00
192	100.00
193	100.00
194	100.00
195	100.00
196	100.00
197	100.00
198	100.00
199	100.00
200	100.00
201	100.00
202	100.00
203	100.00
204	100.00
205	100.00
206	100.00
207	100.00
208	100.00
209	100.00
210	100.00
211	100.00
212	100.00
213	100.00
214	100.00
215	100.00
216	100.00
217	100.00
218	100.00
219	100.00
220	100.00
221	100.00
222	100.00
223	100.00
224	100.00
225	100.00
226	100.00
227	100.00
228	100.00
229	100.00
230	100.00
231	100.00
232	100.00
233	100.00
234	100.00
235	100.00
236	100.00
237	100.00
238	100.00
239	100.00
240	100.00
241	100.00
242	100.00
243	100.00
244	100.00
245	100.00
246	100.00
247	100.00
248	100.00
249	100.00
250	100.00
251	100.00
252	100.00
253	100.00
254	100.00
255	100.00
256	100.00
257	100.00
258	100.00
259	100.00
260	100.00
261	100.00
262	100.00
263	100.00
264	100.00
265	100.00
266	100.00
267	100.00
268	100.00
269	100.00
270	100.00
271	100.00
272	100.00
273	100.00
274	100.00
275	100.00
276	100.00
277	100.00
278	100.00
279	100.00
280	100.00
281	100.00
282	100.00
283	100.00
284	100.00
285	100.00
286	100.00
287	100.00
288	100.00
289	100.00
290	100.00
291	100.00
292	100.00
293	100.00
294	100.00
295	100.00
296	100.00
297	100.00
298	100.00
299	100.00
300	100.00
301	100.00
302	100.00
303	100.00
304	100.00
305	100.00
306	100.00
307	100.00
308	100.00
309	100.00
310	100.00
311	100.00
312	100.00
313	100.00
314	100.00
315	100.00
316	100.00
317	100.00
318	100.00
319	100.00
320	100.00
321	100.00
322	100.00
323	100.00
324	100.00
325	100.00
326	100.00
327	100.00
328	100.00
329	100.00
330	100.00
331	100.00
332	100.00
333	100.00
334	100.00
335	100.00
336	100.00
337	100.00
338	100.00
339	100.00
340	100.00
341	100.00
342	100.00
343	100.00
344	100.00
345	100.00
346	100.00
347	100.00
348	100.00
349	100.00
350	100.00
351	100.00
352	100.00
353	100.00
354	100.00
355	100.00
356	100.00
357	100.00
358	100.00
359	100.00
360	100.00
361	100.00
362	100.00
363	100.00
364	100.00
365	100.00
366	100.00
367	100.00
368	100.00
369	100.00
370	100.00
371	100.00
372	100.00
373	100.00
374	100.00
375	100.00
376	100.00
377	100.00
378	100.00
379	100.00
380	100.00
381	100.00
382	100.00
383	100.00
384	100.00
385	100.00
386	100.00
387	100.00
388	100.00
389	100.00
390	100.00
391	100.00
392	100.00
393	100.00
394	100.00
395	100.00
396	100.00
397	100.00
398	100.00
399	100.00
400	100.00
401	100.00
402	100.00
403	100.00
404	100.00
405	100.00
406	100.00
407	100.00
408	100.00
409	100.00
410	100.00
411	100.00
412	100.00
413	100.00
414	100.00
415	100.00
416	100.00
417	100.00
418	100.00
419	100.00
420	100.00
421	100.00
422	100.00
423	100.00
424	100.00
425	100.00
426	100.00
427	100.00
428	100.00
429	100.00
430	100.00
431	100.00
432	100.00
433	100.00
434	100.00
435	100.00
436	100.00
437	100.00
438	100.00
439	100.00
440	100.00
441	100.00
442	100.00
443	100.00
444	100.00
445	100.00
446	100.00
447	100.00
448	100.00
449	100.00
450	100.00
451	100.00
452	100.00
453	100.00
454	100.00
455	100.00
456	100.00
457	100.00
458	100.00
459	100.00
460	100.00
461	100.00
462	100.00
463	100.00
464	100.00
465	100.00
466	100.00
467	100.00
468	100.00
469	100.00
470	100.00
471	100.00
472	100.00
473	100.00
474	100.00
475	100.00
476	100.00
477	100.00
478	100.00
479	100.00
480	100.00
481	100.00
482	100.00
483	100.00
484	100.00
485	100.00
486	100.00
487	100.00
488	100.00
489	100.00
490	100.00
491	100.00
492	100.00
493	100.00
494	100.00
495	100.00
496	100.00
497	100.00
498	100.00
499	100.00
500	100.00
501	100.00
502	100.00
503	100.00
504	100.00
505	100.00
506	100.00
507	100.00
508	100.00
509	100.00
510	100.00
511	100.00
512	100.00
513	100.00
514	100.00
515	100.00
516	100.00
517	100.00
518	100.00
519	100.00
520	100.00
521	100.00
522	100.00
523	100.00
524	100.00
525	100.00
526	100.00
527	100.00
528	100.00
529	100.00
530	100.00
531	100.00
532	100.00
533	100.00
534	100.00
535	100.00
536	100.00
537	100.00
538	100.00
539	100.00
540	100.00
541	100.00
542	100.00
543	100.00
544	100.00
545	100.00
546	100.00
547	100.00
548	100.00
549	100.00
550	100.00
551	100.00
552	100.00
553	100.00
554	100.00
555	100.00
556	100.00
557	100.00
558	100.00
559	100.00
560	100.00
561	100.00
562	100.00
563	100.00
564	100.00
565	100.00
566	100.00
567	100.00
568	100.00
569	100.00
570	100.00
571	100.00
572	100.00
573	100.00
574	100.00
575	100.00
576	100.00
577	100.00
578	100.00
579	100.00
580	100.00
581	100.00
582	100.00
583	100.00
584	100.00
585	100.00
586	100.00
587	100.00
588	100.00
589	100.00
590	100.00
591	100.00
592	100.00
593	100.00
594	100.00
595	100.00
596	100.00
597	100.00
598	100.00
599	100.00
600	100.00
601	100.00
602	100.00
603	100.00
604	100.00
605	100.00
606	100.00
607	100.00
608	100.00
609	100.00
610	100.00
611	100.00
612	100.00
613	100.00
614	100.00
615	100.00
616	100.00
617	100.00
618	100.00
619	100.00
620	100.00
621	100.00
622	100.00
623	100.00
624	100.00
625	100.00
626	100.00
627	100.00
628	100.00
629	100.00
630	100.00
631	100.00
632	100.00
633	100.00
634	100.00
635	100.00
636	100.00
637	100.00
638	100.00
639	100.00
640	100.00
641	100.00
642	100.00
643	100.00
644	100.00
645	100.00
646	100.00
647	100.00
648	100.00
649	100.00
650	100.00
651	100.00
652	100.00
653	100.00
654	100.00
655	100.00
656	100.00
657	100.00
658	100.00
659	100.00
660	100.00
661	100.00
662	100.00
663	100.00
664	100.00
665	100.00
666	100.00
667	100.00
668	100.00
669	100.00
670	100.00
671	100.00
672	100.00
673	100.00
674	100.00
675	100.00
676	100.00
677	100.00
678	100.00
679	100.00
680	100.00
681	100.00
682	100.00
683	100.00
684	100.00
685	100.00
686	100.00
687	100.00
688	100.00
689	100.00
690	100.00
691	100.00
692	100.00
693	100.00
694	100.00
695	100.00
696	100.00
697	100.00
698	100.00
699	100.00
700	100.00
701	100.00
702	100.00
703	100.00
704	100.00
705	100.00
706	100.00
707	100.00
708	100.00
709	100.00
710	100.00
711	100.00
712	100.00
713	100.00
714	100.00
715	100.00
716	100.00
717	100.00
718	100.00
719	100.00
720	100.00
721	100.00
722	100.00
723	100.00
724	100.00
725	100.00
726	100.00
727	100.00
728	100.00
729	100.00
730	100.00
731	100.00
732	100.00
733	100.00
734	100.00
735	100.00
736	100.00
737	100.00
738	100.00
739	100.00
740	100.00
741	100.00
742	100.00
743	100.00
744	100.00
745	100.00
746	100.00
747	100.00
748	100.00
749	100.00
750	100.00
751	100.00
752	100.00
753	100.00
754	100.00
755	100.00
756	100.00
757	100.00
758	100.00
759	100.00
760	100.00
761	100.00
762	100.00
763	100.00
764	100.00
765	100.00
766	100.00
767	100.00
768	100.00
769	100.00
770	100.00
771	100.00
772	100.00
773	100.00
774	100.00
775	100.00
776	100.00
777	100.00
778	100.00
779	100.00
780	100.00
781	100.00
782	100.00
783	100.00
784	100.00
785	100.00
786	100.00
787	100.00
788	100.00
789	100.00
790	100.00
791	100.00
792	100.00
793	100.00
794	100.00
795	100.00
796	100.00
797	100.00
798	100.00
799	100.00
800	100.00
801	100.00
802	100.00
803	100.00
804	100.00
805	100.00
806	100.00
807	100.00
808	100.00
809	100.00
810	100.00
811	100.00
812	100.00
813	100.00
814	100.00
815	100.00
816	100.00
817	100.00
818	100.00
819	100.00
820	100.00
821	100.00
822	100.00
823	100.00
824	100.00
825	100.00
826	100.00
827	100.00
828	100.00
829	100.00
830	100.00
831	100.00
832	100.00
833	100.00
834	100.00
835	100.00
836	100.00
837	100.00
838	100.00
839	100.00
840	100.00
841	100.00
842	100.00
843	100.00
844	100.00
845	100.00
846	100.00
847	100.00
848	100.00
849	100.00
850	100.00
851	100.00
852	100.00
853	100.00
854	100.00
855	100.00
856	100.00
857	100.00
858	100.00
859	100.00
860	100.00
861	100.00
862	100.00
863	100.00
864	100.00
865	100.00
866	100.00
867	100.00
868	100.00
869	100.00
870	100.00
871	100.00
872	100.00
873	100.00
874	100.00
875	100.00
876	100.00
877	100.00
878	100.00
879	100.00
880	100.00
881	100.00
882	100.00
883	100.00
884	100.00
885	100.00
886	100.00
887	100.00
888	100.00
889	100.00
890	100.00
891	100.00
892	100.00
893	100.00
894	100.00
895	100.00
896	100.00
897	100.00
898	100.00
899	100.00
900	100.00
901	100.00
902	100.00
903	100.00
904	100.00
905	100.00
906	100.00
907	100.00
908	100.00
909	100.00
910	100.00
911	100.00
912	100.00
913	100.00
914	100.00
915	100.00
916	100.00
917	100.00
918	100.00
919	100.00
920	100.00
921	100.00
922	100.00
923	100.00
924	100.00
925	100.00
926	100.00
927	100.00
928	100.00
929	100.00
930	100.00
931	100.00
932	100.00
933	100.00
934	100.00
935	100.00
936	100.00
937	100.00
938	100.00
939	100.00
940	100.00
941	100.00
942	100.00
943	100.00
944	100.00
945	100.00
946	100.00
947	100.00
948	100.00
949	100.00
950	100.00
951	100.00
952	100.00
953	100.00
954	100.00
955	100.00
956	100.00
957	100.00
958	100.00
959	100.00
960	100.00
961	100.00
962	100.00
963	100.00
964	100.00
965	100.00
966	100.00
967	100.00
968	100.00
969	100.00
970	100.00
971	100.00
972	100.00
973	100.00
974	100.00
975	100.00
976	100.00
977	100.00
978	100.00
979	100.00
980	100.00
981	100.00
982	100.00
983	100.00
984	100.00
985	100.00
986	100.00
987	100.00
988	100.00
989	100.00
990	100.00
991	100.00
992	100.00
993	100.00
994	100.00
995	100.00
996	100.00
997	100.00
998	100.00
999	100.00
1000	100.00
1001	100.00
1002	100.00
1003	100.00
1004	100.00
1005	100.00
1006	100.00
1007	100.00
1008	100.00
1009	100.00
1010	100.00
1011	100.00
1012	100.00
1013	100.00
1014	100.00
1015	100.00
1016	100.00
1017	100.00
1018	100.00
1019	100.00
1020	100.00
1021	100.00
1022	100.00
1023	100.00
1024	100.00
1025	100.00
1026	100.00
1027	100.00
1028	100.00
1029	100.00
1030	100.00
1031	100.00
1032	100.00
1033	100.00
1034	100.00
1035	100.00
1036	100.00
1037	100.00
1038	100.00
1039	100.00
1040	100.00
1041	100.00
1042	100.00
1043	100.00
1044	100.00
1045	100.00
1046	100.00
1047	100.00
1048	100.00
1049	100.00
1050	100.00
1051	100.00
1052	100.00
1053	100.00
1054	100.00
1055	100.00
1056	100.00
1057	100.00
1058	100.00
1059	100.00
1060	100.00
1061	100.00
1062	100.00
1063	100.00
1064	100.00
1065	100.00
1066	100.00
1067	100.00
1068	100.00
1069	100.00
1070	100.00
1071	100.00
1072	100.00
1073	100.00
1074	100.00
1075	100.00
1076	100.00
1077	100.00
1078	100.00
1079	100.00
1080	100.00
1081	100.00
1082	100.00
1083	100.00
1084	100.00
1085	100.00
1086	100.00
1087	100.00
1088	100.00
1089	100.00
1090	100.00
1091	100.00
1092	100.00
1093	100.00
1094	100.00
1095	100.00
1096	100.00
1097	100.00
1098	100.00
1099	100.00
1100	100.00
1101	100.00
1102	100.00
1103	100.00
1104	100.00
1105	100.00
1106	100.00
1107	100.00
1108	100.00
1109	100.00
1110	100.00
1111	100.00
1112	100.00
1113	100.00
1114	100.00
1115	100.00
1116	100.00
1117	100.00
1118	100.00
1119	100.00
1120	100.00
1121	100.00
1122	100.00
1123	100.00
1124	100.00
1125	100.00
1126	100.00
1127	100.00
1128	100.00
1129	100.00
1130	100.00
1131	100.00
1132	100.00
1133	100.00
1134	100.00
1135	100.00
1136	100.00
1137	100.00
1138	100.00
1139	100.00
1140	100.00
1141	100.00
1142	100.00
1143	100.00
1144	100.00
1145	100.00
1146	100.00
1147	100.00
1148	98.10
1149	96.19
1150	95.24
1151	94.29
1152	93.33
1153	92.38
1154	91.43
1155	90.48
1156	90.48
1157	90.48
1158	90.48
1159	90.48
1160	90.48
1161	90.48
1162	90.48
1163	90.48
1164	90.48
1165	90.48
1166	90.48
1167	90.48
1168	90.48
1169	92.38
1170	94.29
1171	92.38
1172	91.43
1173	90.48
1174	90.48
1175	90.48
1176	90.48
1177	90.48
1178	90.48
1179	90.48
1180	90.48
1181	90.48
1182	90.48
1183	90.48
1184	90.48
1185	90.48
1186	90.48
1187	90.48
1188	90.48
1189	90.48
1190	90.48
1191	90.48
1192	93.33
1193	95.24
1194	97.14
1195	98.10
1196	99.05
1197	100.00
1198	100.00
1199	100.00
1200	100.00
1201	100.00
1202	100.00
1203	100.00
1204	100.00
1205	100.00
1206	100.00
1207	100.00
1208	100.00
1209	100.00
1210	100.00
1211	100.00
1212	100.00
1213	100.00
1214	100.00
1215	100.00
1216	100.00
1217	100.00
1218	100.00
1219	100.00
1220	100.00
1221	100.00
1222	100.00
1223	100.00
1224	100.00
1225	100.00
1226	100.00
1227	100.00
1228	100.00
1229	100.00
1230	100.00
1231	100.00
1232	100.00
1233	100.00
1234	100.00
1235	100.00
1236	100.00
1237	100.00
1238	100.00
1239	100.00
1240	100.00
1241	100.00
1242	100.00
1243	100.00
1244	100.00
