10 1.121
11 0.430
12 0.766
13 0.729
14 1.540
15 2.101
16 3.085
17 4.231
18 5.272
19 6.189
20 7.505
21 8.533
22 9.345
23 10.090
24 10.494
25 11.223
26 11.658
27 12.191
28 13.238
29 12.928
30 13.113
31 12.990
32 12.209
33 11.350
34 11.684
35 10.915
36 10.067
37 10.204
38 10.326
39 10.157
40 9.581
41 9.616
42 9.017
43 8.922
44 9.175
45 9.917
46 9.246
47 9.264
48 9.375
49 9.890
50 9.702
51 10.118
52 10.700
53 9.633
54 9.811
55 9.793
56 8.885
57 7.917
58 8.070
59 8.820
60 8.905
61 9.510
62 9.504
63 8.882
64 8.274
65 8.711
66 8.301
67 8.600
68 8.342
69 8.965
70 9.415
71 9.580
72 10.189
73 10.808
74 10.921
75 11.263
76 11.643
77 11.142
78 10.299
79 10.278
80 9.682
81 10.188
82 10.518
83 10.169
84 9.314
85 9.606
86 9.236
87 8.783
88 8.199
89 7.111
90 7.208
91 6.958
92 6.858
93 6.988
94 6.697
95 6.559
96 6.291
97 7.019
98 6.711
99 6.588
100 5.773
101 5.029
102 4.996
103 5.564
104 5.731
105 5.296
106 5.060
107 5.529
108 5.446
109 4.778
110 5.103
111 4.962
112 5.957
113 6.405
114 6.858
115 7.832
116 7.482
117 7.453
118 8.722
119 9.368
120 9.933
121 10.176
122 10.123
123 9.926
124 10.405
125 10.427
126 10.136
127 10.577
128 10.334
129 10.336
130 10.757
131 10.393
132 10.357
133 9.784
134 9.898
135 9.816
136 9.641
137 9.332
138 9.790
139 9.284
140 8.849
141 8.269
142 7.724
143 7.039
144 7.397
145 6.493
146 5.978
147 6.157
148 5.628
149 5.453
150 5.150
151 5.465
152 5.490
153 5.355
154 5.634
155 5.874
156 6.097
157 5.490
158 5.932
159 6.763
160 7.740
161 7.431
162 7.559
163 8.133
164 9.392
165 9.502
166 9.376
167 10.255
168 9.764
169 9.198
170 8.490
171 8.149
172 7.419
173 6.784
174 6.197
175 6.218
176 6.500
177 6.744
178 5.685
179 5.390
180 6.228
181 6.906
182 6.779
183 6.107
184 6.954
185 7.239
186 7.774
187 8.882
188 9.336
189 9.287
190 9.280
191 9.051
192 9.379
193 9.184
194 8.518
195 8.366
196 7.964
197 8.852
198 8.936
199 8.975
200 9.671
201 10.889
202 11.259
203 11.044
204 10.939
205 9.206
206 7.744
207 7.159
208 7.080
209 7.179
210 6.730
211 7.013
212 7.216
213 7.442
214 6.833
215 7.791
216 7.547
217 7.633
218 7.825
219 7.323
220 6.285
221 6.160
222 6.309
223 6.051
224 6.209
225 6.889
226 6.463
227 6.523
228 5.754
229 6.127
230 5.227
231 4.483
232 4.564
233 4.804
234 4.173
235 4.581
236 5.495
237 5.415
238 5.993
239 6.241
240 7.435
241 7.545
242 8.475
243 9.395
244 9.474
245 10.210
246 10.200
247 10.185
248 9.781
249 9.778
250 9.764
251 8.914
252 8.477
253 8.019
254 7.571
255 6.888
256 6.986
257 6.862
258 7.072
259 6.019
260 5.276
261 4.373
262 4.077
263 3.738
264 4.092
265 3.966
266 4.450
267 4.736
268 4.648
269 4.670
270 5.532
271 5.857
272 6.146
273 6.145
274 6.983
275 7.334
276 6.756
277 6.351
278 6.467
279 6.368
280 5.996
281 5.627
282 5.768
283 5.131
284 5.508
285 5.670
286 5.434
287 5.455
288 5.550
289 6.077
290 6.689
291 7.376
292 7.748
293 8.368
294 8.497
295 9.648
296 10.707
297 10.289
298 9.519
299 9.445
300 8.897
301 7.317
302 6.578
303 5.716
304 5.129
305 5.114
306 5.785
307 6.141
308 6.564
309 8.032
310 8.904
311 9.573
312 9.209
313 9.757
314 8.187
315 6.783
316 6.735
317 6.016
318 4.649
319 4.582
320 4.895
321 5.305
322 5.342
323 6.227
324 6.390
325 6.052
326 6.735
327 6.840
328 7.303
329 8.009
330 9.181
331 10.336
332 10.058
333 10.614
334 11.034
335 10.720
336 10.602
337 10.784
338 10.199
339 9.205
340 8.714
341 8.591
342 8.507
343 8.656
344 8.800
345 8.731
346 8.287
347 8.047
348 7.917
349 7.523
350 7.675
351 8.405
352 8.815
353 9.169
354 9.978
355 11.070
356 11.825
357 11.666
358 12.007
359 11.664
360 11.556
361 10.466
362 9.919
363 9.149
364 8.017
365 8.272
366 7.909
367 8.192
368 9.078
369 8.930
370 9.670
371 10.367
372 11.157
373 11.066
374 10.246
375 9.314
376 9.775
377 10.028
378 9.773
379 9.258
380 8.936
381 9.408
382 9.503
383 10.065
384 10.983
385 11.936
386 12.287
387 12.591
388 13.256
389 12.187
390 11.276
391 10.644
392 9.057
393 8.445
394 8.514
395 7.756
396 6.657
397 6.695
398 6.772
399 6.277
400 5.092
401 4.945
402 5.145
403 4.882
404 5.008
405 5.927
406 5.660
407 5.347
408 6.270
409 7.189
410 7.333
411 7.903
412 7.738
413 7.408
414 7.303
415 8.253
416 8.377
417 8.780
418 9.771
419 10.011
420 10.199
421 10.732
422 10.003
423 9.454
424 9.307
425 9.788
426 9.986
427 9.570
428 9.420
429 9.458
430 10.479
431 11.564
432 11.897
433 12.504
434 12.299
435 12.523
436 11.846
437 11.802
438 11.891
439 12.176
440 12.206
441 11.594
442 11.500
443 10.843
444 10.425
445 10.337
446 10.637
447 11.362
448 11.979
449 11.471
450 11.352
451 11.802
452 11.924
453 11.258
454 10.563
455 10.936
456 10.067
457 9.742
458 9.338
459 9.388
460 9.972
461 10.548
462 11.559
463 11.276
464 10.970
465 10.768
466 10.121
467 9.473
468 9.583
469 9.338
470 9.144
471 8.760
472 9.166
473 9.182
474 8.556
475 7.797
476 8.303
477 8.119
478 8.100
479 8.141
480 8.642
481 9.480
482 11.055
483 12.084
484 11.987
485 12.665
486 12.859
487 12.723
488 12.953
489 12.169
490 11.940
491 11.940
492 12.277
493 12.804
494 13.453
495 14.083
496 14.056
497 13.630
498 14.390
499 14.458
500 13.962
501 13.604
502 13.555
503 13.823
504 12.725
505 11.812
506 11.222
507 10.335
508 10.228
509 10.489
510 10.605
511 10.130
512 9.922
513 9.482
514 8.591
515 8.776
516 9.744
517 9.107
518 8.875
519 8.476
520 8.379
521 7.448
522 7.362
523 7.179
524 7.483
525 7.449
526 7.535
527 8.006
528 7.902
529 8.337
530 9.391
531 10.097
532 10.920
533 11.385
534 11.379
535 11.341
536 12.045
537 12.320
538 12.969
539 13.488
540 14.000
541 14.067
542 14.184
543 13.447
544 13.447
545 14.004
546 12.891
547 12.497
548 12.373
549 11.584
550 11.091
551 10.760
552 11.009
553 10.373
554 9.949
555 9.099
556 8.129
557 7.576
558 7.576
559 7.787
560 7.492
561 7.382
562 7.973
563 7.070
564 6.354
565 6.267
566 5.083
567 3.755
568 2.851
569 1.178
570 0.193
571 -0.111
