10 5.464
11 5.458
12 4.925
13 4.569
14 3.619
15 3.179
16 2.722
17 2.186
18 1.896
19 1.857
20 2.171
21 1.381
22 0.618
23 0.772
24 0.936
25 1.553
26 1.381
27 1.813
28 2.036
29 1.975
30 2.337
31 4.051
32 5.108
33 6.139
34 7.560
35 8.881
36 9.238
37 8.953
38 9.783
39 9.000
40 9.323
41 9.567
42 8.920
43 8.151
44 7.904
45 8.613
46 8.975
47 9.576
48 10.168
49 9.562
50 9.013
51 9.291
52 8.404
53 8.004
54 7.955
55 7.933
56 8.292
57 7.648
58 7.528
59 7.590
60 7.238
61 7.894
62 8.423
63 8.437
64 8.324
65 7.692
66 7.166
67 6.558
68 5.983
69 5.569
70 5.108
71 6.104
72 5.625
73 5.299
74 5.415
75 5.833
76 6.453
77 7.257
78 7.539
79 8.369
80 8.040
81 8.260
82 8.815
83 8.059
84 8.204
85 7.481
86 7.017
87 6.950
88 6.950
89 7.139
90 7.490
91 8.373
92 8.520
93 8.800
94 8.236
95 8.473
96 8.435
97 9.090
98 8.984
99 8.893
100 9.054
101 9.133
102 9.151
103 9.062
104 9.903
105 10.201
106 10.561
107 10.785
108 10.881
109 9.787
110 9.762
111 9.711
112 10.207
113 10.029
114 9.920
115 9.277
116 8.007
117 7.334
118 7.753
119 7.358
120 6.476
121 5.818
122 4.841
123 4.321
124 4.114
125 4.836
126 5.287
127 5.504
128 6.043
129 5.824
130 6.226
131 5.596
132 5.757
133 6.506
134 7.017
135 7.285
136 7.638
137 7.584
138 7.376
139 7.846
140 8.154
141 9.098
142 8.521
143 7.934
144 7.987
145 7.280
146 7.328
147 7.127
148 7.488
149 8.077
150 8.508
151 9.504
152 9.497
153 9.476
154 9.403
155 9.935
156 9.701
157 9.749
158 9.001
159 8.952
160 8.290
161 8.047
162 7.923
163 6.560
164 5.713
165 5.024
166 4.904
167 3.688
168 2.711
169 3.107
170 3.371
171 3.634
172 4.518
173 5.084
174 4.682
175 4.775
176 4.435
177 5.319
178 5.763
179 5.749
180 6.115
181 5.886
182 6.317
183 6.063
184 6.203
185 5.976
186 6.101
187 5.830
188 5.247
189 4.428
190 5.060
191 5.328
192 5.766
193 6.945
194 7.256
195 7.375
196 6.558
197 6.431
198 6.500
199 5.803
200 5.420
201 5.193
202 5.581
203 5.702
204 6.089
205 6.881
206 7.141
207 7.535
208 8.078
209 7.632
210 7.797
211 8.651
212 9.158
213 9.810
214 10.668
215 11.470
216 11.305
217 11.574
218 11.551
219 12.169
220 12.013
221 12.201
222 12.077
223 11.956
224 11.418
225 11.059
226 10.405
227 9.710
228 9.272
229 9.106
230 8.769
231 7.889
232 8.195
233 8.247
234 8.793
235 8.975
236 9.086
237 9.763
238 9.264
239 8.409
240 7.925
241 7.809
242 6.747
243 6.033
244 6.634
245 6.314
246 5.763
247 5.996
248 6.425
249 6.894
250 6.835
251 6.018
252 5.474
253 4.816
254 4.339
255 4.732
256 5.001
257 5.700
258 6.392
259 6.808
260 6.717
261 7.160
262 6.964
263 6.058
264 6.052
265 6.063
266 6.039
267 6.166
268 6.135
269 7.243
270 8.709
271 9.978
272 10.155
273 10.611
274 11.011
275 11.145
276 11.559
277 11.825
278 11.892
279 11.713
280 11.379
281 11.678
282 11.950
283 11.463
284 10.940
285 10.274
286 9.596
287 9.940
288 9.604
289 10.076
290 10.382
291 11.187
292 11.671
293 11.510
294 11.492
295 10.956
296 10.898
297 10.688
298 10.594
299 10.613
300 10.408
301 10.775
302 10.833
303 11.553
304 12.576
305 13.322
306 12.705
307 12.840
308 11.870
309 11.220
310 10.860
311 10.526
312 9.656
313 9.113
314 8.112
315 8.441
316 8.337
317 8.450
318 8.682
319 9.225
320 8.567
321 8.527
322 7.477
323 5.887
324 4.974
325 4.680
326 4.893
327 4.919
328 5.118
329 4.987
330 4.902
331 5.800
332 5.431
333 5.895
334 5.964
335 6.079
336 6.424
337 6.468
338 6.777
339 7.334
340 6.997
341 7.602
342 8.011
343 7.751
344 8.015
345 8.499
346 9.044
347 8.756
348 9.531
349 10.642
350 10.018
351 10.144
352 10.877
353 11.054
354 11.879
355 11.977
356 12.527
357 12.171
358 11.932
359 12.072
360 11.307
361 11.383
362 11.771
363 10.611
364 9.721
365 8.820
366 8.286
367 7.258
368 5.946
369 6.575
370 6.612
371 6.618
372 6.847
373 7.381
374 8.026
375 7.846
376 7.439
377 7.453
378 7.458
379 8.207
380 7.930
381 7.712
382 8.989
383 9.055
384 10.376
385 10.973
386 10.702
387 10.738
388 9.890
389 8.982
390 7.773
391 7.692
392 6.603
393 6.547
394 6.981
395 7.500
396 7.878
397 8.802
398 8.402
399 8.825
400 9.168
401 9.570
402 10.127
403 9.926
404 10.049
405 10.526
406 10.645
407 10.356
408 11.427
409 12.532
410 12.393
411 12.811
412 12.481
413 12.022
414 11.433
415 10.845
416 9.411
417 8.450
418 7.464
419 6.966
420 6.670
421 6.932
422 7.366
423 8.463
424 8.585
425 8.830
426 9.672
427 9.790
428 9.658
429 9.614
430 10.351
431 10.607
432 10.774
433 10.895
434 10.460
435 10.186
436 10.076
437 10.224
438 9.857
439 9.038
440 8.105
441 7.154
442 6.277
443 5.799
444 5.406
445 5.292
446 5.185
447 5.620
448 5.417
449 5.433
450 5.802
451 6.190
452 6.692
453 7.325
454 8.109
455 8.620
456 8.329
457 7.822
458 7.758
459 7.751
460 7.519
461 7.483
462 8.372
463 8.579
464 8.026
465 8.073
466 7.847
467 8.597
468 9.216
469 9.784
470 10.182
471 10.482
472 9.967
473 10.331
474 10.316
475 10.465
476 10.670
477 11.106
478 11.249
479 11.108
480 10.492
481 9.134
482 8.340
483 7.967
484 8.022
485 8.627
486 8.763
487 9.238
488 9.244
489 9.394
490 9.152
491 8.825
492 7.489
493 7.066
494 7.400
495 7.364
496 7.368
497 7.862
498 7.831
499 7.714
500 8.295
501 8.579
502 8.705
503 8.385
504 7.682
505 8.082
506 7.535
507 6.832
508 6.827
509 6.314
510 6.426
511 7.321
512 8.253
513 8.801
514 9.822
515 9.820
516 10.120
517 10.559
518 11.114
519 10.242
520 9.548
521 9.107
522 8.039
523 7.491
524 6.764
525 5.893
526 6.340
527 6.242
528 6.854
529 7.495
530 7.345
531 6.748
532 6.966
533 6.297
534 6.494
535 6.136
536 5.880
537 5.581
538 5.373
539 5.476
540 5.316
541 5.059
542 4.541
543 4.703
544 5.745
545 6.394
546 6.628
547 7.410
548 8.061
549 8.028
550 8.645
551 8.237
552 9.208
553 9.624
554 9.589
555 10.230
556 9.662
557 10.398
558 10.303
559 10.527
560 11.719
561 12.298
562 12.176
563 11.772
564 11.340
565 11.797
566 11.249
567 11.394
568 12.003
569 11.921
570 11.603
571 11.744
572 11.412
573 11.472
574 11.442
575 10.813
576 10.210
577 9.543
578 9.632
579 9.267
580 9.323
581 8.695
582 8.812
583 8.769
584 7.901
585 7.265
586 5.816
587 5.012
588 4.301
589 5.088
590 4.477
591 4.972
592 5.415
593 5.872
594 7.093
595 6.929
596 6.857
597 6.824
598 6.754
599 6.432
600 6.903
601 6.379
602 5.441
603 4.977
604 5.410
605 6.222
606 6.333
607 6.872
608 6.369
609 6.334
610 5.850
611 5.631
612 4.447
613 3.659
614 3.113
615 2.842
616 1.941
617 1.484
618 1.675
619 1.044
620 0.688
621 0.917
