11	40.00
12	40.00
13	40.00
14	40.00
15	40.00
16	40.00
17	40.00
18	40.00
19	40.95
20	42.86
21	44.76
22	46.67
23	48.57
24	50.48
25	52.38
26	54.29
27	56.19
28	58.10
29	60.00
30	61.90
31	63.81
32	65.71
33	67.62
34	69.52
35	71.43
36	73.33
37	75.24
38	77.14
39	79.05
40	80.00
41	80.00
42	80.00
43	80.00
44	80.00
45	80.00
46	80.00
47	80.00
48	80.00
49	80.00
50	80.00
51	80.00
52	80.00
53	80.00
54	80.00
55	80.00
56	80.00
57	80.00
58	80.00
59	80.00
60	80.00
61	80.00
62	80.00
63	80.00
64	80.00
65	80.00
66	80.00
67	80.00
68	80.00
69	80.00
70	80.00
71	80.00
72	80.00
73	80.00
74	80.00
75	80.00
76	80.00
77	80.00
78	80.00
79	80.00
80	80.00
81	80.00
82	80.00
83	80.00
84	80.00
85	80.00
86	80.00
87	80.00
88	80.00
89	80.00
90	80.00
91	80.00
92	80.00
93	80.00
94	80.00
95	80.00
96	80.00
97	80.00
98	80.00
99	80.00
100	80.00
101	80.00
102	80.00
103	80.00
104	80.00
105	80.00
106	80.00
107	80.00
108	80.00
109	80.00
110	80.00
111	80.00
112	80.00
113	80.00
114	80.00
115	80.00
116	80.00
117	80.00
118	80.00
119	80.00
120	80.00
121	80.00
122	80.00
123	80.00
124	80.00
125	80.00
126	80.00
127	80.00
128	80.00
129	80.00
130	80.00
131	80.00
132	80.00
133	80.00
134	80.00
135	80.00
136	80.00
137	80.00
138	80.00
139	80.00
140	80.00
141	80.00
142	80.00
143	80.00
144	80.00
145	80.00
146	80.00
147	80.00
148	80.00
149	80.00
150	80.00
151	80.00
152	80.00
153	80.00
154	80.00
155	80.00
156	80.00
157	80.00
158	80.00
159	80.00
160	80.00
161	80.00
162	80.00
163	80.00
164	80.00
165	80.00
166	80.00
167	80.00
168	80.00
169	80.00
170	80.00
171	80.00
172	80.00
173	80.00
174	80.00
175	80.00
176	80.00
177	80.00
178	80.00
179	80.00
180	80.00
181	80.00
182	80.00
183	80.00
184	80.00
185	80.00
186	80.00
187	80.00
188	80.00
189	80.00
190	80.00
191	80.00
192	80.00
193	80.00
194	80.00
195	80.00
196	80.00
197	80.00
198	80.00
199	80.00
200	80.00
201	80.00
202	80.00
203	80.00
204	80.00
205	80.00
206	80.00
207	80.00
208	80.00
209	80.00
210	80.00
211	80.00
212	80.00
213	80.00
214	80.00
215	80.00
216	80.00
217	80.00
218	80.00
219	80.00
220	80.00
221	80.00
222	80.00
223	80.00
224	80.00
225	80.00
226	80.00
227	80.00
228	80.00
229	80.00
230	80.00
231	80.00
232	80.00
233	80.00
234	80.00
235	80.00
236	80.00
237	80.00
238	80.00
239	80.00
240	80.00
241	80.00
242	80.00
243	80.00
244	80.00
245	80.00
246	80.00
247	80.00
248	80.00
249	80.00
250	80.00
251	80.00
252	80.00
253	80.00
254	80.00
255	80.00
256	80.00
257	80.00
258	80.00
259	80.00
260	80.00
261	80.00
262	80.00
263	80.00
264	80.00
265	80.00
266	80.00
267	80.00
268	80.00
269	80.00
270	80.00
271	80.00
272	80.00
273	80.00
274	80.00
275	80.00
276	80.00
277	80.00
278	80.00
279	80.00
280	80.00
281	80.00
282	80.00
283	80.00
284	80.00
285	80.00
286	80.00
287	80.00
288	80.00
289	80.00
290	80.00
291	80.00
292	80.00
293	80.00
294	80.00
295	80.00
296	80.00
297	80.00
298	80.00
299	80.00
300	80.00
301	80.00
302	80.00
303	80.00
304	80.00
305	80.00
306	80.00
307	80.00
308	80.00
309	80.00
310	80.00
311	80.00
312	80.00
313	80.00
314	80.00
315	80.00
316	80.00
317	80.00
318	80.00
319	80.00
320	80.00
321	80.00
322	80.00
323	80.00
324	80.00
325	80.00
326	80.00
327	80.00
328	80.00
329	80.00
330	80.00
331	80.00
332	80.00
333	80.00
334	80.00
335	80.00
336	80.00
337	80.00
338	80.00
339	80.00
340	80.00
341	80.00
342	80.00
343	80.00
344	80.00
345	80.00
346	80.00
347	80.00
348	80.00
349	80.00
350	80.00
351	80.00
352	80.00
353	80.00
354	80.00
355	80.00
356	80.00
357	80.00
358	80.00
359	80.00
360	80.00
361	80.00
362	80.00
363	80.00
364	80.00
365	80.00
366	80.00
367	80.00
368	80.00
369	80.00
370	80.00
371	80.00
372	80.00
373	80.00
374	80.00
375	80.00
376	80.00
377	80.00
378	80.00
379	80.00
380	80.00
381	80.00
382	80.00
383	80.00
384	80.00
385	80.00
386	80.00
387	80.00
388	80.00
389	80.00
390	80.00
391	80.00
392	80.00
393	80.00
394	79.05
395	78.10
396	76.19
397	76.19
398	77.14
399	78.10
400	79.05
401	80.00
402	80.95
403	81.90
404	82.86
405	83.81
406	84.76
407	85.71
408	86.67
409	87.62
410	88.57
411	89.52
412	90.48
413	91.43
414	92.38
415	94.29
416	96.19
417	99.05
418	98.10
419	97.14
420	96.19
421	95.24
422	94.29
423	93.33
424	92.38
425	91.43
426	90.48
427	89.52
428	88.57
429	87.62
430	86.67
431	85.71
432	84.76
433	83.81
434	82.86
435	81.90
436	80.95
437	80.00
438	79.05
439	80.00
440	80.00
441	80.00
442	80.00
443	80.00
444	80.00
445	80.00
446	80.00
447	80.00
448	80.00
449	80.00
450	80.00
451	80.00
452	80.00
453	80.00
454	80.00
455	80.00
456	80.00
457	80.00
458	80.00
459	80.00
460	80.00
461	80.00
462	80.00
463	80.00
464	80.00
465	80.00
466	80.00
467	80.00
468	80.00
469	80.00
470	80.00
471	80.00
472	80.00
473	80.00
474	80.00
475	80.00
476	80.00
477	80.00
478	80.00
479	80.00
480	80.00
481	80.00
482	80.00
483	80.00
484	80.00
485	80.00
486	80.00
487	80.00
488	80.00
489	80.00
490	80.00
491	80.00
492	80.00
493	80.00
494	80.00
495	80.00
496	80.00
497	80.00
498	80.00
499	80.00
500	80.00
501	80.00
502	80.00
503	80.00
504	80.00
505	80.00
506	80.00
507	80.00
508	80.00
509	80.00
510	80.00
511	80.00
512	80.00
513	80.00
514	80.00
515	80.00
516	80.00
517	80.00
518	80.00
519	80.00
520	80.00
521	80.00
522	80.00
523	80.00
524	80.00
525	80.00
526	80.00
527	80.00
528	80.00
529	80.00
530	80.00
531	80.00
532	80.00
533	80.00
534	80.00
535	80.00
536	80.00
537	80.00
538	80.00
539	80.00
540	80.00
541	80.00
542	80.00
543	80.00
544	80.00
545	80.00
546	80.00
547	80.00
548	80.00
549	80.00
550	80.00
551	80.00
552	80.00
553	80.00
554	80.00
555	80.00
556	80.00
557	80.00
558	80.00
559	80.00
560	80.00
561	80.00
562	80.00
563	80.00
564	80.00
565	80.00
566	80.00
567	80.00
568	80.00
569	80.00
570	80.00
571	80.00
572	80.00
573	80.00
574	80.00
575	80.00
576	80.00
577	80.00
578	80.00
579	80.00
580	80.00
581	80.00
582	80.00
583	80.00
584	80.00
585	80.00
586	80.00
587	80.00
588	80.00
589	80.00
590	80.00
591	80.00
592	80.00
593	80.00
594	80.00
595	80.00
596	80.00
597	80.00
598	80.00
599	80.00
600	80.00
601	80.00
602	80.00
603	80.00
604	80.00
605	80.00
606	80.00
607	80.00
608	80.00
609	80.00
610	80.00
611	80.00
612	80.00
613	80.00
614	80.00
615	80.00
616	80.00
617	80.00
618	80.00
619	80.00
620	80.00
621	80.00
622	80.00
623	80.00
624	80.00
625	80.00
626	80.00
627	80.00
628	80.00
629	80.00
630	80.00
631	80.00
632	80.00
633	80.00
634	80.00
635	80.00
636	80.00
637	80.00
638	80.00
639	80.00
640	80.00
641	80.00
642	80.00
643	80.00
644	80.00
645	80.00
646	80.00
647	80.00
648	80.00
649	80.00
650	80.00
651	80.00
652	80.00
653	80.00
654	80.00
655	80.00
656	80.00
657	80.00
658	80.00
659	80.00
660	80.00
661	80.00
662	80.00
663	80.00
664	80.00
665	79.05
666	78.10
667	77.14
668	76.19
669	75.24
670	74.29
671	73.33
672	72.38
673	71.43
674	70.48
675	69.52
676	68.57
677	67.62
678	66.67
679	65.71
680	64.76
681	63.81
682	62.86
683	61.90
684	60.95
685	60.00
686	60.00
687	60.00
688	60.00
689	60.00
690	60.00
691	60.00
692	60.00
693	60.00
694	60.00
695	60.00
696	60.00
697	60.00
698	60.00
699	60.00
700	60.00
701	60.00
702	60.00
703	60.00
704	60.00
705	60.00
706	60.00
707	60.00
708	60.00
709	60.00
710	60.00
711	60.00
712	60.00
713	60.00
714	60.00
715	60.00
716	60.00
717	60.00
718	60.00
719	60.00
720	60.00
721	60.00
722	60.00
723	60.00
724	60.00
725	60.00
726	60.00
727	60.00
728	60.00
729	60.00
730	60.00
731	60.00
732	60.00
733	60.00
734	60.00
735	60.00
736	60.00
737	60.00
738	60.00
739	60.00
740	60.00
741	60.00
742	60.00
743	60.00
744	60.00
745	60.00
746	60.00
747	60.00
748	60.00
749	60.00
750	60.00
751	60.00
752	60.00
753	60.00
754	60.00
755	60.00
756	60.00
757	60.00
758	60.00
759	60.00
760	60.00
761	60.00
762	60.00
763	60.00
764	60.00
765	60.00
766	60.00
767	60.00
768	60.00
769	60.00
770	60.00
771	60.00
772	60.00
773	60.00
774	60.00
775	60.00
776	60.00
777	60.00
778	60.00
779	60.00
780	60.00
781	60.00
782	60.00
783	60.00
784	60.00
785	60.00
786	60.00
787	60.00
788	60.00
789	60.00
790	60.00
791	60.00
792	60.00
793	60.00
794	60.00
795	60.00
796	60.00
797	60.00
798	60.00
799	60.00
800	60.00
801	60.00
802	60.00
803	60.00
804	60.00
805	60.00
806	60.00
807	60.00
808	60.00
809	60.00
810	60.00
811	60.00
812	60.00
813	60.00
814	60.00
815	60.00
816	60.00
817	60.00
818	60.00
819	60.00
820	60.00
821	60.00
822	60.00
823	60.00
824	60.00
825	60.00
826	60.00
827	60.00
828	60.00
829	60.00
830	60.00
831	60.00
832	60.00
833	60.00
834	60.00
835	60.00
836	60.00
837	60.00
838	60.00
839	60.00
840	60.00
841	60.00
842	60.00
843	60.00
844	60.00
845	60.00
846	60.00
847	60.00
848	60.00
849	60.00
850	60.00
851	60.00
852	60.00
853	60.00
854	60.00
855	60.00
856	60.00
857	60.00
858	60.00
859	60.00
860	60.00
861	60.00
862	60.00
863	60.00
864	60.00
865	60.00
866	60.00
867	60.00
868	60.00
869	60.00
870	60.00
871	60.00
872	60.00
873	60.00
874	60.00
875	60.00
876	60.00
877	60.00
878	60.00
879	60.00
880	60.00
881	60.00
882	60.00
883	60.00
884	60.00
885	60.00
886	60.00
887	60.00
888	60.00
889	60.00
890	60.00
891	60.00
892	60.00
893	60.00
894	60.00
895	60.00
896	60.00
897	60.00
898	60.00
899	60.00
900	60.00
901	60.00
902	60.00
903	60.00
904	60.00
905	60.00
906	60.00
907	60.00
908	60.00
909	60.00
910	60.00
911	60.00
912	60.00
913	60.00
914	60.00
915	60.00
916	60.00
917	60.00
918	60.00
919	60.00
920	60.00
921	60.00
922	60.00
923	60.00
924	60.00
925	60.00
926	60.00
