10 7.539
11 7.182
12 7.441
13 7.262
14 7.591
15 7.080
16 6.971
17 6.138
18 5.749
19 4.475
20 3.147
21 2.176
22 0.927
23 1.085
24 -0.234
25 -0.542
26 -0.901
27 -0.752
28 -0.677
29 -0.520
30 0.563
31 0.348
32 0.749
33 1.656
34 3.107
35 4.092
36 4.730
37 5.180
38 5.285
39 5.600
40 5.975
41 6.313
42 5.582
43 5.632
44 5.465
45 5.214
46 5.081
47 4.862
48 4.973
49 4.583
50 5.537
51 5.524
52 5.005
53 4.850
54 5.166
55 5.367
56 5.687
57 6.218
58 6.483
59 6.977
60 7.153
61 7.562
62 7.553
63 7.897
64 7.995
65 7.346
66 7.477
67 8.022
68 7.998
69 7.766
70 8.367
71 8.953
72 8.833
73 8.787
74 9.461
75 9.401
76 9.460
77 9.299
78 8.263
79 7.959
80 7.456
81 6.961
82 6.483
83 6.366
84 7.042
85 7.689
86 6.832
87 6.802
88 6.053
89 5.181
90 5.038
91 5.638
92 6.180
93 5.726
94 5.942
95 6.159
96 6.591
97 6.834
98 7.480
99 8.031
100 8.196
101 8.662
102 8.817
103 8.029
104 7.989
105 7.855
106 7.767
107 7.800
108 8.404
109 8.239
110 7.509
111 7.267
112 7.348
113 7.291
114 7.554
115 7.431
116 7.898
117 7.507
118 7.353
119 6.906
120 6.181
121 6.055
122 6.021
123 5.809
124 5.780
125 5.576
126 5.305
127 4.818
128 4.980
129 5.890
130 5.815
131 5.584
132 4.926
133 5.047
134 5.289
135 5.606
136 6.797
137 7.458
138 7.511
139 7.652
140 7.015
141 6.658
142 5.910
143 5.903
144 5.997
145 6.214
146 6.577
147 6.809
148 6.675
149 7.499
150 8.386
151 9.532
152 9.870
153 10.016
154 9.514
155 8.850
156 8.407
157 8.133
158 7.157
159 7.157
160 7.060
161 6.726
162 6.626
163 6.211
164 5.478
165 4.104
166 3.015
167 2.191
168 1.070
169 0.648
170 -0.306
171 -1.114
172 -0.954
173 -0.341
174 0.421
175 0.791
176 1.341
177 1.488
178 1.762
179 2.110
180 2.172
181 1.532
182 1.582
183 1.820
184 2.747
185 3.943
186 5.624
187 6.282
188 6.790
189 7.756
190 9.114
191 9.890
192 9.832
193 9.491
194 9.257
195 8.315
196 8.473
197 8.171
198 7.540
199 7.833
200 8.546
201 8.917
202 8.882
203 9.833
204 10.143
205 10.453
206 10.970
207 11.760
208 12.583
209 12.454
210 12.439
211 12.435
212 12.825
213 12.386
214 12.776
