11	100.00
12	99.05
13	98.10
14	97.14
15	96.19
16	96.19
17	96.19
18	96.19
19	96.19
20	96.19
21	96.19
22	96.19
23	96.19
24	96.19
25	96.19
26	96.19
27	96.19
28	96.19
29	96.19
30	96.19
31	96.19
32	96.19
33	97.14
34	98.10
35	96.19
36	94.29
37	92.38
38	90.48
39	90.48
40	90.48
41	90.48
42	90.48
43	90.48
44	90.48
45	90.48
46	90.48
47	90.48
48	90.48
49	90.48
50	88.57
51	87.62
52	87.62
53	87.62
54	87.62
55	87.62
56	90.48
57	93.33
58	95.24
59	97.14
60	97.14
61	97.14
62	97.14
63	97.14
64	97.14
65	97.14
66	97.14
67	97.14
68	97.14
69	97.14
70	97.14
71	99.05
72	97.14
73	97.14
74	97.14
75	97.14
76	97.14
77	97.14
78	97.14
79	97.14
80	97.14
81	96.19
82	94.29
83	93.33
84	93.33
85	93.33
86	93.33
87	93.33
88	93.33
89	93.33
90	93.33
91	93.33
92	93.33
93	96.19
94	96.19
95	96.19
96	96.19
97	96.19
98	96.19
99	96.19
100	96.19
101	96.19
102	97.14
103	97.14
104	97.14
105	97.14
106	97.14
107	97.14
108	97.14
109	97.14
110	97.14
111	97.14
112	97.14
113	97.14
114	96.19
115	95.24
116	94.29
117	93.33
118	92.38
119	92.38
120	92.38
121	92.38
122	92.38
123	92.38
124	94.29
125	95.24
126	95.24
127	95.24
128	95.24
129	95.24
130	95.24
131	95.24
132	95.24
133	95.24
134	95.24
135	95.24
136	95.24
137	94.29
138	93.33
139	92.38
140	91.43
141	91.43
142	91.43
143	91.43
144	91.43
145	91.43
146	91.43
147	91.43
148	91.43
149	91.43
150	91.43
151	91.43
152	91.43
153	91.43
154	91.43
155	91.43
156	91.43
157	91.43
158	91.43
159	91.43
160	92.38
161	93.33
162	93.33
163	93.33
164	93.33
165	93.33
166	93.33
167	93.33
168	93.33
169	93.33
170	93.33
171	93.33
172	93.33
173	93.33
174	93.33
175	93.33
176	93.33
177	94.29
178	95.24
179	95.24
180	95.24
181	94.29
182	93.33
183	93.33
184	93.33
185	93.33
186	93.33
187	93.33
188	93.33
189	93.33
190	93.33
191	93.33
192	93.33
193	93.33
194	91.43
195	90.48
196	90.48
197	90.48
198	90.48
199	90.48
200	92.38
201	94.29
202	96.19
203	97.14
204	97.14
205	97.14
206	97.14
207	97.14
208	97.14
209	97.14
210	97.14
211	97.14
212	97.14
213	97.14
214	97.14
215	97.14
216	97.14
217	97.14
218	97.14
219	97.14
220	97.14
221	97.14
222	97.14
223	97.14
224	97.14
225	97.14
226	97.14
227	97.14
228	97.14
229	96.19
230	95.24
231	93.33
232	91.43
233	91.43
234	91.43
235	91.43
236	93.33
237	94.29
238	94.29
239	94.29
240	94.29
241	94.29
242	94.29
243	94.29
244	94.29
245	94.29
246	94.29
247	94.29
248	94.29
249	94.29
250	94.29
251	92.38
252	92.38
253	92.38
254	92.38
255	92.38
256	92.38
257	92.38
258	92.38
259	92.38
260	92.38
261	92.38
262	92.38
263	92.38
264	92.38
265	92.38
266	92.38
267	92.38
268	92.38
269	92.38
270	92.38
271	93.33
272	96.19
273	98.10
274	100.00
275	100.00
276	100.00
277	100.00
278	100.00
279	100.00
280	100.00
281	100.00
282	100.00
283	100.00
284	100.00
285	100.00
286	100.00
287	100.00
288	100.00
289	100.00
290	100.00
291	100.00
292	100.00
293	100.00
294	100.00
295	100.00
296	100.00
297	100.00
298	100.00
299	100.00
300	100.00
301	100.00
302	100.00
303	100.00
304	100.00
305	100.00
306	100.00
307	100.00
308	100.00
309	100.00
310	100.00
311	100.00
312	100.00
313	100.00
314	100.00
315	100.00
316	100.00
317	100.00
318	100.00
319	100.00
320	100.00
321	100.00
322	100.00
323	100.00
324	100.00
325	100.00
326	100.00
327	100.00
328	100.00
329	100.00
330	100.00
331	100.00
332	100.00
333	100.00
334	100.00
