10 2.194
11 1.440
12 0.962
13 0.853
14 0.902
15 0.609
16 0.174
17 -0.219
18 -0.460
19 0.033
20 -0.048
21 -0.025
22 0.105
23 1.177
24 1.956
25 3.031
26 4.706
27 6.760
28 8.118
29 9.246
30 9.909
31 10.078
32 10.102
33 9.763
34 9.786
35 9.346
36 9.919
37 10.406
38 10.057
39 9.403
40 9.835
41 10.090
42 9.192
43 8.320
44 8.189
45 7.056
46 6.468
47 5.953
48 5.620
49 5.442
50 5.887
51 6.682
52 6.982
53 6.780
54 7.381
55 7.343
56 7.344
57 8.130
58 8.273
59 6.994
60 7.075
61 7.629
62 8.454
63 8.393
64 9.113
65 9.781
66 10.537
67 10.948
68 11.363
69 10.596
70 10.014
71 10.650
72 10.300
73 9.966
74 9.400
75 9.018
76 8.516
77 8.703
78 8.904
79 8.347
80 7.754
81 6.909
82 7.082
83 7.359
84 6.678
85 6.331
86 6.535
87 6.966
88 7.908
89 8.255
90 8.850
91 9.346
92 9.158
93 9.877
94 9.501
95 9.040
96 8.283
97 8.578
98 8.978
99 9.367
100 9.624
101 9.929
102 9.044
103 9.167
104 9.149
105 8.727
106 9.009
107 9.429
108 10.114
109 9.561
110 9.801
111 9.601
112 8.531
113 8.423
114 8.144
115 8.359
116 8.125
117 7.749
118 7.602
119 7.935
120 7.985
121 8.527
122 8.540
123 8.232
124 7.827
125 7.126
126 6.002
127 5.733
128 6.386
129 6.259
130 6.520
131 6.633
132 6.822
133 6.747
134 6.879
135 7.076
136 7.653
137 7.159
138 7.526
139 7.710
140 8.613
141 8.973
142 9.790
143 9.940
144 9.280
145 9.672
146 9.184
147 8.838
148 8.826
149 8.286
150 8.749
151 8.737
152 8.551
153 7.503
154 6.512
155 5.326
156 5.397
157 4.776
158 5.316
159 5.831
160 6.963
161 7.052
162 7.381
163 7.495
164 7.667
165 8.352
166 8.085
167 8.081
168 8.544
169 8.863
170 9.125
171 9.662
172 10.400
173 11.662
174 12.139
175 12.248
176 11.691
177 11.377
178 10.417
179 9.431
180 9.958
181 10.433
182 10.858
183 10.521
184 9.843
185 10.649
186 10.616
187 10.481
188 10.827
189 10.878
190 10.204
191 10.213
192 9.403
193 9.891
194 10.209
195 11.120
196 10.752
197 10.196
198 10.191
199 9.605
200 9.131
201 8.685
202 8.587
203 8.098
204 6.867
205 6.068
206 6.193
207 6.088
208 6.453
209 7.375
210 7.993
211 7.924
212 6.839
213 6.330
214 5.449
215 5.189
216 5.792
217 5.369
218 5.949
219 6.146
220 6.460
221 7.193
222 7.865
223 8.568
224 8.756
225 8.412
226 8.101
227 7.274
228 6.938
229 6.402
230 6.201
231 6.667
232 6.819
233 7.512
234 8.316
235 7.793
236 8.719
237 8.463
238 8.434
239 8.768
240 9.567
241 9.892
242 9.952
243 9.830
244 10.297
245 10.461
246 10.571
247 10.678
248 10.612
249 10.478
250 10.316
251 10.295
252 9.531
253 9.276
254 9.507
255 9.064
256 8.677
257 8.238
258 7.793
259 7.116
260 6.878
261 6.419
262 6.231
263 5.787
264 5.392
265 5.045
266 4.692
267 5.129
268 5.385
269 5.799
270 6.590
271 6.967
272 7.538
273 7.605
274 8.112
275 8.233
276 8.034
277 7.638
278 6.836
279 6.824
280 6.897
281 7.258
282 6.601
283 6.529
284 6.289
285 6.819
286 6.438
287 5.964
288 5.827
289 5.048
290 5.117
291 4.857
292 5.481
293 5.917
294 6.231
295 6.377
296 6.396
297 5.865
298 5.843
299 5.245
300 4.419
301 4.744
302 4.970
303 5.475
304 5.899
305 7.103
306 7.849
307 8.436
308 8.878
309 8.626
310 8.832
311 8.208
312 7.123
313 6.807
314 5.874
315 5.178
316 5.850
317 5.510
318 5.766
319 6.828
320 7.140
321 7.583
322 8.510
323 8.753
324 9.164
325 9.900
326 10.028
327 10.851
328 12.072
329 12.166
330 12.104
331 12.702
332 12.876
333 13.347
334 13.102
335 12.379
336 12.136
337 11.968
338 11.340
339 11.564
340 11.938
341 11.255
342 10.763
343 9.909
344 9.430
345 8.852
346 8.363
347 7.053
348 5.673
349 5.592
350 4.411
351 3.650
352 3.315
353 3.453
354 4.301
355 4.347
356 4.768
357 5.302
358 5.204
359 5.057
360 5.983
361 7.072
362 7.638
363 7.873
364 8.478
365 8.081
366 8.508
367 9.712
368 9.640
369 10.505
370 10.209
371 10.154
372 10.643
373 11.076
374 11.537
375 11.702
376 12.185
377 12.863
378 12.924
379 12.179
380 12.096
381 11.409
382 10.786
383 10.629
384 10.609
385 10.004
386 8.965
387 9.493
388 8.634
389 8.550
390 9.151
391 8.801
392 8.184
393 8.170
394 8.018
395 7.040
396 6.725
397 7.172
398 7.747
399 7.122
400 7.060
401 6.985
402 6.842
403 6.982
404 7.706
405 8.849
406 8.154
407 8.928
408 9.920
409 9.200
410 9.635
411 10.234
412 10.260
413 10.269
414 10.796
415 10.198
416 9.717
417 9.611
418 10.097
419 11.171
420 11.457
421 11.374
422 11.157
423 10.128
424 9.512
425 9.725
426 8.784
427 8.251
428 8.428
429 7.749
430 7.441
431 7.598
432 7.876
433 8.144
434 8.449
435 8.849
436 9.219
437 9.800
438 9.522
439 9.601
440 9.880
441 9.777
442 10.014
443 9.868
444 9.623
445 9.775
446 9.553
447 9.831
448 10.165
449 9.809
450 9.325
451 9.237
452 8.170
453 8.238
454 8.015
455 7.202
456 6.460
457 6.623
458 6.674
459 6.579
460 7.031
461 7.124
462 6.564
463 6.446
464 5.346
465 5.248
466 4.259
467 3.189
468 3.706
469 4.081
470 4.275
471 4.650
472 4.975
473 5.742
474 7.195
475 8.442
476 9.206
477 10.356
478 10.620
479 10.425
480 11.274
481 12.257
482 12.221
483 12.453
484 12.838
485 12.351
486 13.007
487 13.128
488 12.714
489 12.076
490 12.289
491 12.997
492 12.512
493 12.634
494 11.677
495 12.175
496 12.009
497 12.690
498 13.718
499 12.763
500 12.410
501 12.169
502 11.613
503 11.740
504 12.221
505 12.037
506 12.217
507 12.339
508 12.768
509 12.006
510 11.000
511 10.305
512 9.372
513 9.331
514 8.534
515 7.756
516 7.528
517 7.111
518 7.526
519 6.917
520 7.007
521 7.371
522 7.006
523 7.244
524 7.183
525 6.787
526 7.847
527 8.210
528 9.242
529 10.174
530 11.172
531 11.044
532 10.691
533 10.344
534 10.223
535 9.274
536 8.155
537 7.523
538 7.769
539 7.131
540 6.773
541 6.256
542 6.337
543 6.319
544 6.341
545 6.127
546 6.713
547 7.605
548 7.511
549 6.791
550 6.946
551 6.610
552 5.450
553 4.646
554 4.282
555 4.631
556 5.054
557 5.439
558 5.457
559 5.781
560 5.873
561 5.654
562 5.151
563 5.170
564 5.220
565 5.328
566 4.466
567 4.841
568 4.970
569 4.682
570 4.712
571 5.842
572 6.510
573 6.846
574 7.459
575 6.859
576 6.596
577 6.697
578 6.683
579 6.705
580 6.537
581 6.753
582 7.059
583 6.588
584 6.933
585 7.114
586 6.777
587 7.350
588 7.360
589 8.306
590 7.978
591 8.034
592 7.224
593 6.741
594 7.101
595 7.412
596 7.428
597 7.810
598 7.744
599 7.828
600 8.539
601 8.372
602 9.203
603 8.886
604 8.811
605 9.047
606 8.540
607 8.394
608 7.264
609 6.441
610 5.960
611 5.945
612 5.796
613 6.150
614 6.055
615 6.580
616 6.322
617 6.813
618 7.080
619 6.072
620 5.753
621 5.527
622 5.934
623 5.544
624 5.075
625 3.800
626 3.298
627 3.327
628 3.527
629 3.385
630 3.716
631 3.583
632 3.004
633 3.485
634 3.137
635 3.624
636 3.443
637 3.374
638 3.664
639 3.754
640 4.055
641 3.672
642 4.298
643 4.539
644 4.449
645 4.658
646 4.026
647 3.476
648 3.398
649 3.578
650 4.562
651 5.335
652 5.666
653 6.921
654 6.939
655 7.098
656 7.190
657 7.530
658 7.088
659 6.995
660 6.917
661 6.711
662 6.803
663 7.623
664 8.089
665 8.265
666 9.132
667 10.238
668 10.190
669 10.838
670 12.056
671 12.849
672 12.597
673 12.848
674 13.137
675 12.929
676 12.276
677 12.040
678 11.578
679 10.887
680 9.777
681 8.872
682 8.710
683 8.025
684 8.810
685 8.392
686 7.581
687 7.641
688 7.558
689 7.846
690 7.828
691 7.734
692 7.382
693 7.282
694 7.119
695 7.455
696 7.375
697 7.312
698 7.447
699 8.250
700 9.183
701 9.199
702 9.549
703 10.042
704 10.155
705 10.528
706 10.858
707 10.746
708 9.487
709 9.080
710 9.656
711 9.538
712 9.462
713 9.123
714 8.895
715 8.657
716 8.537
717 8.664
718 7.905
719 7.056
720 6.469
721 6.600
722 6.274
723 6.976
724 8.093
725 8.919
726 9.607
727 9.767
728 10.295
729 10.007
730 9.654
731 9.443
732 9.177
733 8.909
734 9.306
735 8.363
736 8.055
737 7.888
738 8.378
739 8.340
740 7.974
741 8.314
742 7.751
743 7.168
744 7.171
745 7.587
746 8.224
747 7.873
748 8.115
749 8.192
750 7.978
751 8.260
