11	58.10
12	58.10
13	58.10
14	58.10
15	58.10
16	58.10
17	58.10
18	58.10
19	58.10
20	58.10
21	58.10
22	58.10
23	58.10
24	58.10
25	58.10
26	58.10
27	58.10
28	58.10
29	58.10
30	58.10
31	59.05
32	60.00
33	60.00
34	60.00
35	60.00
36	60.00
37	60.00
38	60.00
39	60.00
40	60.00
41	60.00
42	60.00
43	60.00
44	60.00
45	60.00
46	60.00
47	60.00
48	60.00
49	60.00
50	60.00
51	60.00
52	60.00
53	60.00
54	60.00
55	60.00
56	60.00
57	60.00
58	60.00
59	60.00
60	60.00
61	60.00
62	60.00
63	60.00
64	60.00
65	60.00
66	60.00
67	60.00
68	60.00
69	60.00
70	60.00
71	60.00
72	60.00
73	60.00
74	60.00
75	60.00
76	60.00
77	60.00
78	60.00
79	60.00
80	60.00
81	60.00
82	60.00
83	60.00
84	60.00
85	60.00
86	60.00
87	60.00
88	60.00
89	60.00
90	60.00
91	60.00
92	60.00
93	60.00
94	60.00
95	60.00
96	60.00
97	60.00
98	60.00
99	60.00
100	60.00
101	60.00
102	60.00
103	60.00
104	60.00
105	60.00
106	60.00
107	60.00
108	60.00
109	60.00
110	60.00
111	60.00
112	60.00
113	60.00
114	60.00
115	60.00
116	60.00
117	60.00
118	60.00
119	60.00
120	60.00
121	60.00
122	60.00
123	60.00
124	60.00
125	60.00
126	60.00
127	60.00
128	60.00
129	60.00
130	60.00
131	60.00
132	60.00
133	60.00
134	60.00
135	60.00
136	60.00
137	60.00
138	60.00
139	60.00
140	60.00
141	60.00
142	60.00
143	60.00
144	60.00
145	60.00
146	60.00
147	60.00
148	60.00
149	60.00
150	60.00
151	60.00
152	60.00
153	60.00
154	60.00
155	60.00
156	60.00
157	60.00
158	60.00
159	60.00
160	60.00
161	60.00
162	60.00
163	60.00
164	60.00
165	60.00
166	60.00
167	60.00
168	60.00
169	60.00
170	60.00
171	60.00
172	60.00
173	60.00
174	60.00
175	60.00
176	60.00
177	60.00
178	60.00
179	60.00
180	60.00
181	60.00
182	60.00
183	60.00
184	60.00
185	60.00
186	60.00
187	60.00
188	60.00
189	60.00
190	60.00
191	60.00
192	60.00
193	60.00
194	60.00
195	60.00
196	60.00
197	60.00
198	60.00
199	60.00
200	60.00
201	60.00
202	60.00
203	60.00
204	60.00
205	60.00
206	60.00
207	60.00
208	60.00
209	60.00
210	60.00
211	60.00
212	60.00
213	60.00
214	60.00
215	60.00
216	60.00
217	60.00
218	60.00
219	60.00
220	60.00
221	60.00
222	60.00
223	60.00
224	60.00
225	60.00
226	60.00
227	60.00
228	60.00
229	60.00
230	60.00
231	60.00
232	60.00
233	60.00
234	60.00
235	60.00
236	60.00
237	60.00
238	60.00
239	60.00
240	60.00
241	60.00
242	60.00
243	60.00
244	60.00
245	60.00
246	60.00
247	60.00
248	60.00
249	60.00
250	60.00
251	60.00
252	60.00
253	60.00
254	60.00
255	60.00
256	60.00
257	60.00
258	60.00
259	60.00
260	60.00
261	60.00
262	60.00
263	60.00
264	60.00
265	60.00
266	60.00
267	60.00
268	60.00
269	60.00
270	60.00
271	60.00
272	60.00
273	60.00
274	60.00
275	60.00
276	60.00
277	60.00
278	60.00
279	60.00
280	60.00
281	60.00
282	60.00
283	60.00
284	60.00
285	60.00
286	60.00
287	60.00
288	60.00
289	60.00
290	60.00
291	60.00
292	60.00
293	60.00
294	60.00
295	60.00
296	60.00
297	60.00
298	60.00
299	60.00
300	60.00
301	60.00
302	60.00
303	60.00
304	60.00
305	60.00
306	60.00
307	60.00
308	60.00
309	60.00
310	60.00
311	60.00
312	60.00
313	60.95
314	62.86
315	64.76
316	66.67
317	68.57
318	70.48
319	72.38
320	74.29
321	76.19
322	78.10
323	80.00
324	81.90
325	83.81
326	85.71
327	87.62
328	89.52
329	91.43
330	93.33
331	95.24
332	97.14
333	97.14
334	94.29
335	90.48
336	88.57
337	86.67
338	84.76
339	82.86
340	80.95
341	79.05
342	77.14
343	75.24
344	73.33
345	71.43
346	69.52
347	67.62
348	65.71
349	63.81
350	61.90
351	60.00
352	58.10
353	56.19
354	56.19
355	58.10
356	60.00
357	60.00
358	60.00
359	60.00
360	60.00
361	60.00
362	60.00
363	60.00
364	60.00
365	60.00
366	60.00
367	60.00
368	60.00
369	60.00
370	60.00
371	60.00
372	60.00
373	60.00
374	60.00
