10 1.440
11 0.757
12 0.620
13 0.020
14 0.296
15 0.891
16 1.223
17 2.316
18 3.642
19 3.998
20 4.597
21 5.632
22 6.211
23 6.608
24 7.628
25 8.700
26 9.634
27 10.459
28 11.323
29 11.883
30 11.918
31 12.189
32 12.828
33 12.772
34 12.682
35 12.830
36 12.731
37 12.160
38 11.929
39 11.936
40 11.435
41 10.926
42 10.856
43 10.420
44 10.436
45 10.140
46 9.902
47 9.062
48 8.324
49 8.266
50 7.617
51 7.369
52 7.326
53 7.520
54 6.899
55 6.453
56 6.897
57 6.481
58 6.095
59 5.519
60 6.096
61 5.802
62 5.385
63 5.609
64 6.783
65 7.097
66 8.151
67 9.504
68 10.197
69 10.463
70 10.868
71 11.295
72 11.788
73 12.203
74 12.359
75 12.334
76 13.210
77 13.491
78 13.722
79 13.779
80 13.915
81 14.117
82 14.191
83 13.319
84 13.241
85 12.588
86 11.563
87 10.448
88 9.953
89 9.624
90 9.916
91 9.759
92 10.795
93 11.487
94 11.167
95 10.847
96 11.282
97 11.512
98 10.584
99 10.074
100 9.418
101 8.026
102 7.589
103 7.015
104 6.983
105 7.383
106 7.355
107 7.744
108 7.622
109 7.275
110 7.119
111 6.878
112 7.104
113 7.477
114 7.495
115 6.226
116 5.552
117 5.658
118 5.852
119 6.487
120 7.515
121 8.614
122 9.473
123 9.653
124 9.015
125 9.232
126 9.214
127 9.789
128 10.388
129 10.167
130 9.948
131 9.646
132 9.997
133 10.317
134 10.739
135 10.606
136 10.684
137 9.886
138 9.202
139 8.240
140 7.756
141 7.727
142 7.915
143 9.064
144 9.596
145 9.956
146 10.540
147 9.795
148 10.697
149 10.772
150 10.785
151 9.818
152 9.245
153 9.295
154 9.529
155 9.853
156 10.744
157 11.071
158 11.927
159 12.000
160 12.120
161 11.874
162 11.062
163 10.025
164 9.257
165 8.431
166 8.092
167 7.586
168 7.137
169 6.727
170 6.990
171 7.790
172 8.351
173 8.510
174 8.592
175 8.225
176 8.636
177 8.741
178 9.227
179 8.672
180 8.659
181 8.494
182 8.724
183 8.191
184 7.533
185 7.588
186 7.262
187 7.335
188 8.272
189 9.495
190 9.554
191 9.638
192 10.041
193 9.632
194 9.837
195 9.037
196 8.696
197 8.529
198 8.563
199 8.053
200 8.090
201 7.594
202 7.463
203 7.959
204 7.847
205 7.912
206 8.331
207 7.680
208 6.827
209 6.279
210 6.034
211 6.101
212 6.011
213 5.110
214 4.446
215 4.379
216 5.023
217 5.855
218 7.081
219 8.185
220 8.440
221 8.912
222 8.932
223 9.149
224 9.064
225 8.477
226 7.776
227 6.929
228 6.550
229 6.334
230 6.424
231 7.068
232 8.019
233 8.572
234 8.562
235 8.295
236 7.878
237 7.090
238 6.853
239 7.232
240 7.796
241 8.632
242 9.449
243 10.411
244 10.982
245 11.904
246 11.693
247 12.000
248 12.730
249 12.700
250 12.042
251 12.256
252 12.801
253 12.833
254 13.156
255 14.051
256 14.651
257 14.616
258 14.171
259 13.972
260 12.913
261 12.863
262 12.118
263 12.309
264 11.889
265 12.026
266 10.991
267 10.280
268 10.189
269 10.827
270 10.582
271 10.140
272 9.899
273 8.719
274 7.990
275 7.358
276 7.046
277 7.604
278 7.163
279 7.278
280 6.799
281 6.893
282 6.290
283 5.974
284 6.010
285 6.905
286 6.839
287 6.667
288 6.741
289 6.784
290 6.853
291 7.467
292 7.539
293 6.885
294 6.644
295 6.397
296 5.556
297 5.932
298 6.076
299 6.064
300 6.399
301 6.956
302 7.488
303 7.034
304 6.705
305 7.514
306 7.825
307 7.331
308 7.563
309 7.541
310 6.827
311 7.332
312 7.122
313 6.804
314 6.413
315 5.982
316 4.860
317 5.075
318 5.358
319 5.478
320 6.021
321 6.439
322 6.863
323 7.593
324 7.060
325 7.349
326 7.877
327 8.324
328 8.364
329 8.906
330 8.476
331 8.139
332 8.498
333 8.706
334 9.434
335 10.130
336 10.012
337 10.584
338 11.107
339 10.811
340 10.518
341 10.502
342 10.009
343 10.835
344 10.951
345 10.952
346 10.177
347 10.104
348 9.670
349 9.973
350 10.210
351 10.763
352 11.221
353 10.938
354 11.033
355 11.039
356 11.135
357 11.608
358 12.926
359 14.319
360 15.028
361 15.592
362 14.928
363 14.610
364 13.975
365 13.422
366 13.100
367 12.687
368 11.924
369 12.535
370 11.352
371 10.912
372 10.793
373 9.666
374 9.254
375 8.751
376 7.803
377 7.971
378 7.833
379 7.962
380 7.821
381 8.072
382 8.140
383 7.897
384 7.289
385 6.661
386 5.966
387 6.556
388 6.353
389 7.088
390 6.959
391 7.350
392 7.565
393 7.111
394 6.597
395 6.391
396 5.383
397 5.707
398 5.312
399 5.215
400 5.135
401 5.694
402 6.019
403 6.520
404 7.066
405 7.518
406 6.960
407 6.627
408 6.666
409 6.900
410 6.878
411 7.218
412 7.055
413 7.318
414 7.962
415 8.772
416 8.297
417 8.266
418 9.072
419 9.031
420 8.207
421 7.716
422 6.792
423 5.832
424 4.503
425 4.664
426 5.474
427 5.680
428 5.752
429 5.329
430 5.860
431 6.290
432 6.307
433 5.544
434 5.378
435 6.054
436 7.014
437 6.997
438 8.041
439 8.659
440 8.749
441 8.685
442 8.643
443 8.804
444 8.475
445 7.784
446 6.744
447 7.212
448 7.481
449 7.672
450 7.902
451 8.234
452 8.149
453 7.368
454 7.371
455 7.229
456 7.469
457 7.376
458 7.751
459 8.579
460 8.713
461 8.972
462 9.426
463 8.785
464 8.807
465 9.010
466 9.012
467 9.314
468 9.381
469 9.230
470 8.913
471 9.038
472 9.447
473 8.693
474 7.830
475 7.569
476 7.982
477 8.298
478 8.234
479 8.720
480 8.650
481 9.426
482 10.028
483 10.283
484 10.285
485 9.706
486 9.960
487 9.948
488 10.169
489 10.350
490 10.617
491 10.547
492 11.080
493 11.458
494 11.114
495 10.058
496 10.044
497 9.382
498 9.240
499 8.794
500 8.266
501 8.314
502 8.201
503 8.577
504 8.938
505 8.876
506 9.326
507 9.559
508 10.014
509 10.404
510 11.394
511 11.327
512 11.217
513 10.973
514 10.981
515 10.630
516 10.214
517 9.510
518 9.077
519 8.674
520 7.473
521 6.452
522 5.260
523 4.375
524 3.225
525 2.729
526 2.323
527 1.147
528 0.399
529 -0.584
530 -0.984
531 -0.842
532 -0.817
533 -1.069
534 -1.832
535 -1.548
536 -1.285
537 -1.102
538 -1.382
539 -1.406
540 -0.334
541 0.880
542 2.278
543 3.413
544 4.100
545 5.739
546 6.568
547 7.744
548 8.108
549 8.654
550 8.629
551 8.450
552 9.158
553 10.093
554 10.012
555 10.732
556 10.835
557 11.284
558 11.755
559 10.918
560 10.225
561 9.327
562 8.997
563 9.371
564 9.152
565 9.420
566 9.845
567 9.802
568 9.941
569 9.941
570 10.395
571 10.477
572 10.157
573 10.265
574 10.627
575 10.054
576 9.966
577 9.966
578 11.164
579 11.517
580 11.428
581 11.899
582 11.107
583 10.852
584 11.068
585 10.545
586 10.531
587 10.110
588 9.671
589 8.961
590 7.894
591 7.020
592 7.163
593 6.205
594 6.119
595 5.498
596 6.057
597 5.312
598 5.338
599 5.632
600 5.116
601 5.593
602 4.965
603 4.693
604 5.139
605 6.105
606 6.417
607 6.641
608 6.415
609 6.481
610 6.725
611 6.397
612 6.032
613 5.880
614 5.918
615 5.014
616 4.573
617 4.846
618 5.527
619 6.049
620 5.955
621 7.211
622 7.209
623 7.201
624 7.920
625 7.776
626 8.483
627 8.620
628 8.215
629 8.153
630 8.393
631 9.085
632 8.678
633 8.560
634 8.461
635 8.149
636 8.052
637 7.230
638 6.095
639 6.065
640 6.253
641 7.478
642 7.598
643 7.837
644 7.797
645 6.990
646 7.387
647 7.095
648 6.437
649 5.986
650 5.164
651 5.224
652 4.685
653 4.372
654 4.970
655 4.709
656 5.077
657 5.356
658 4.572
659 4.059
660 3.363
661 3.332
662 3.289
663 3.270
664 3.141
665 2.553
666 2.844
667 3.605
668 3.870
669 3.789
670 3.857
671 4.798
672 4.960
673 4.588
674 4.477
675 4.123
676 4.465
677 4.991
678 5.767
679 6.869
680 7.469
681 7.919
682 8.938
683 9.976
684 10.554
685 11.127
686 11.089
687 10.397
688 10.626
689 10.415
690 10.105
691 10.405
692 10.819
693 10.517
694 10.332
695 10.138
696 10.507
697 9.915
698 9.201
699 10.158
700 10.464
701 10.535
702 10.921
703 10.984
704 10.734
705 10.274
706 10.328
707 9.966
708 10.198
709 9.740
710 10.504
711 11.281
712 11.763
713 11.810
714 12.084
715 11.552
716 12.303
717 13.254
718 13.127
719 12.776
720 12.870
721 12.070
722 11.324
723 10.654
724 10.874
725 10.203
726 9.691
727 9.154
728 9.322
729 8.756
730 8.331
731 8.636
732 9.390
733 9.413
734 9.967
735 10.161
736 10.551
737 10.936
738 11.172
739 10.786
740 11.269
741 10.701
742 10.322
743 9.246
744 8.607
745 8.381
746 8.197
747 7.851
748 7.818
749 8.726
750 9.138
751 9.231
752 9.930
753 9.419
754 9.327
755 8.581
756 8.743
757 8.600
758 9.206
759 9.297
760 9.123
761 8.688
762 9.231
763 8.929
764 8.627
765 8.365
766 8.730
767 8.388
768 7.479
769 7.334
770 7.272
771 6.591
772 6.890
773 6.478
774 6.439
775 5.937
776 6.448
777 5.787
778 5.738
779 5.920
780 5.957
781 6.014
782 6.371
783 6.599
784 6.374
785 5.964
786 6.223
787 6.486
788 7.341
789 7.285
790 7.263
791 7.026
792 7.087
793 7.849
794 7.672
795 6.922
796 6.231
797 5.484
798 5.492
799 5.281
800 4.600
801 5.173
802 4.860
803 6.017
804 6.049
805 6.186
806 6.120
807 5.758
808 5.584
809 6.143
810 6.934
811 7.407
812 7.712
813 8.769
814 9.423
815 9.999
816 10.231
817 10.491
818 11.045
819 11.478
820 11.157
821 11.267
822 10.296
823 10.613
824 10.284
825 10.322
826 9.687
827 9.617
828 9.206
829 8.762
830 8.831
831 8.930
832 8.274
833 7.916
834 8.200
835 7.974
836 7.526
837 6.802
838 5.716
839 5.173
840 5.541
841 6.270
842 6.230
843 6.558
844 6.454
845 7.247
846 7.272
847 7.571
848 7.198
849 6.239
850 5.581
851 5.244
852 5.887
853 4.529
854 4.188
855 4.488
856 3.999
857 3.902
858 4.073
859 3.598
860 3.463
861 3.130
862 3.839
863 4.635
864 4.462
865 5.188
866 5.148
867 5.937
868 6.817
869 7.805
870 8.107
871 7.671
872 8.447
873 8.968
874 8.747
875 9.547
876 10.368
877 10.676
878 10.640
879 10.657
880 10.851
881 10.023
882 9.950
883 10.223
884 9.981
885 10.260
886 9.796
887 9.741
888 9.360
889 10.003
890 9.757
891 8.932
892 8.795
893 8.436
894 8.056
895 8.064
896 8.141
897 8.793
898 8.806
899 9.390
900 9.966
901 10.086
902 10.535
903 9.666
904 9.401
905 9.486
906 9.639
907 9.684
908 9.013
909 9.542
910 10.387
911 10.164
912 10.403
913 11.088
914 10.550
915 10.333
916 10.794
917 10.785
918 10.173
919 9.584
920 9.289
921 9.251
922 9.879
923 9.759
924 10.573
925 10.754
926 10.796
927 10.853
928 10.867
929 10.730
930 10.548
931 10.484
932 10.590
933 10.940
934 11.082
935 10.882
936 11.131
937 10.570
938 11.074
939 11.079
940 10.865
941 10.796
942 11.099
943 11.465
944 11.983
945 13.036
946 13.486
947 13.174
948 12.219
949 12.636
950 12.623
951 11.514
952 11.440
953 11.291
954 10.630
955 9.674
956 9.607
957 9.212
958 8.844
959 8.444
960 8.830
961 8.434
962 7.847
963 7.470
964 7.865
965 8.298
966 8.760
967 8.952
