11	60.00
12	60.00
13	60.00
14	59.05
15	58.10
16	57.14
17	57.14
18	59.05
19	60.95
20	62.86
21	64.76
22	66.67
23	68.57
24	70.48
25	72.38
26	74.29
27	76.19
28	78.10
29	80.00
30	81.90
31	83.81
32	85.71
33	87.62
34	89.52
35	92.38
36	95.24
37	98.10
38	100.00
39	100.00
40	100.00
41	100.00
42	100.00
43	100.00
44	100.00
45	100.00
46	100.00
47	100.00
48	100.00
49	100.00
50	100.00
51	100.00
52	100.00
53	100.00
54	100.00
55	100.00
56	100.00
57	100.00
58	100.00
59	100.00
60	100.00
61	100.00
62	100.00
63	100.00
64	100.00
65	100.00
66	100.00
67	100.00
68	100.00
69	100.00
70	100.00
71	100.00
72	100.00
73	100.00
74	100.00
75	100.00
76	100.00
77	100.00
78	100.00
79	100.00
80	100.00
81	100.00
82	100.00
83	100.00
84	100.00
85	100.00
86	100.00
87	100.00
88	100.00
89	100.00
90	100.00
91	100.00
92	100.00
93	100.00
94	100.00
95	100.00
96	100.00
97	100.00
98	100.00
99	100.00
100	100.00
101	100.00
102	100.00
103	100.00
104	100.00
105	100.00
106	100.00
107	100.00
108	100.00
109	100.00
110	100.00
111	100.00
112	100.00
113	100.00
114	100.00
115	100.00
116	100.00
117	100.00
118	100.00
119	100.00
120	100.00
121	100.00
122	100.00
123	100.00
124	100.00
125	100.00
126	100.00
127	100.00
128	100.00
129	100.00
130	100.00
131	100.00
132	100.00
133	100.00
134	100.00
135	100.00
136	100.00
137	100.00
138	100.00
139	100.00
140	100.00
141	100.00
142	100.00
143	100.00
144	100.00
145	100.00
146	100.00
147	100.00
148	100.00
149	100.00
150	100.00
151	100.00
152	100.00
153	100.00
154	100.00
155	100.00
156	100.00
157	100.00
158	100.00
159	100.00
160	100.00
161	100.00
162	100.00
163	100.00
164	100.00
165	100.00
166	100.00
167	100.00
168	100.00
169	100.00
170	100.00
171	100.00
172	100.00
173	100.00
174	100.00
175	100.00
176	100.00
177	100.00
178	100.00
179	100.00
180	100.00
181	100.00
182	100.00
183	100.00
184	100.00
185	100.00
186	100.00
187	100.00
188	100.00
189	100.00
190	100.00
191	100.00
192	100.00
193	100.00
194	100.00
195	100.00
196	100.00
197	100.00
198	100.00
199	100.00
200	100.00
201	100.00
202	100.00
203	100.00
204	100.00
205	100.00
206	100.00
207	100.00
208	100.00
209	100.00
210	100.00
211	100.00
212	100.00
213	100.00
214	100.00
215	100.00
216	100.00
217	100.00
218	100.00
219	100.00
220	100.00
221	100.00
222	100.00
223	100.00
224	100.00
225	100.00
226	100.00
227	100.00
228	100.00
229	100.00
230	100.00
231	100.00
232	100.00
233	100.00
234	100.00
235	100.00
236	100.00
237	100.00
238	100.00
239	100.00
240	100.00
241	100.00
242	100.00
243	100.00
244	100.00
245	100.00
246	100.00
247	100.00
248	100.00
249	100.00
250	100.00
251	100.00
252	100.00
253	100.00
254	100.00
255	100.00
256	100.00
257	100.00
258	100.00
259	100.00
260	100.00
261	100.00
262	100.00
263	100.00
264	100.00
265	100.00
266	100.00
267	100.00
268	100.00
269	100.00
270	100.00
271	100.00
272	100.00
273	100.00
274	100.00
275	100.00
276	100.00
277	100.00
278	100.00
279	100.00
280	100.00
281	100.00
282	100.00
283	100.00
284	100.00
285	100.00
286	100.00
287	100.00
288	100.00
289	100.00
290	100.00
291	100.00
292	100.00
293	100.00
294	100.00
295	100.00
296	100.00
297	100.00
298	100.00
299	100.00
300	100.00
301	100.00
302	100.00
303	100.00
304	100.00
305	100.00
306	100.00
307	100.00
308	100.00
309	100.00
310	100.00
311	100.00
312	100.00
313	100.00
314	100.00
315	100.00
316	100.00
317	100.00
318	100.00
319	100.00
320	100.00
321	100.00
322	100.00
323	100.00
324	100.00
325	100.00
326	100.00
327	100.00
328	100.00
329	100.00
330	100.00
331	100.00
332	100.00
333	100.00
334	100.00
335	100.00
336	100.00
337	100.00
338	100.00
339	100.00
340	100.00
341	100.00
342	100.00
343	100.00
344	100.00
345	100.00
346	100.00
347	100.00
348	100.00
349	100.00
350	100.00
351	100.00
352	100.00
353	100.00
354	100.00
355	100.00
356	100.00
357	100.00
358	100.00
359	100.00
360	100.00
361	100.00
362	100.00
363	100.00
364	100.00
365	100.00
366	100.00
367	100.00
368	100.00
369	100.00
370	100.00
371	100.00
372	100.00
373	100.00
374	100.00
375	100.00
376	100.00
377	100.00
378	100.00
379	100.00
380	100.00
381	100.00
382	100.00
383	100.00
384	100.00
385	100.00
386	100.00
387	100.00
388	100.00
389	100.00
390	100.00
391	100.00
392	100.00
393	100.00
394	100.00
395	100.00
396	100.00
397	100.00
398	100.00
399	100.00
400	100.00
401	100.00
402	100.00
403	100.00
404	100.00
405	100.00
406	100.00
407	100.00
408	100.00
409	100.00
410	100.00
411	100.00
412	100.00
413	100.00
414	100.00
415	100.00
416	100.00
417	100.00
418	100.00
419	100.00
420	100.00
421	100.00
422	100.00
423	100.00
424	100.00
425	100.00
426	100.00
427	100.00
428	100.00
429	100.00
430	100.00
431	100.00
432	100.00
433	100.00
434	100.00
435	100.00
436	100.00
437	100.00
438	100.00
439	100.00
440	100.00
441	100.00
442	100.00
443	100.00
444	100.00
445	100.00
446	100.00
447	100.00
448	100.00
449	100.00
450	100.00
451	100.00
452	100.00
453	100.00
454	100.00
455	100.00
456	100.00
457	100.00
458	100.00
459	100.00
460	100.00
461	100.00
462	100.00
463	100.00
464	100.00
465	100.00
466	100.00
467	100.00
468	100.00
469	100.00
470	100.00
471	100.00
472	100.00
473	100.00
474	100.00
475	100.00
476	100.00
477	100.00
478	100.00
479	100.00
480	100.00
481	100.00
482	100.00
483	100.00
484	100.00
485	100.00
486	100.00
487	100.00
488	100.00
489	100.00
490	100.00
491	100.00
492	100.00
493	100.00
494	100.00
495	100.00
496	100.00
497	100.00
498	100.00
499	100.00
500	100.00
501	100.00
502	100.00
503	100.00
504	100.00
505	100.00
506	100.00
507	100.00
508	100.00
509	100.00
510	100.00
511	100.00
512	100.00
513	100.00
514	100.00
515	100.00
516	100.00
517	100.00
518	100.00
519	100.00
520	100.00
521	100.00
522	100.00
523	100.00
524	100.00
525	100.00
526	100.00
527	100.00
528	100.00
529	100.00
530	100.00
531	100.00
532	99.05
533	99.05
534	99.05
535	99.05
536	99.05
537	99.05
538	99.05
539	99.05
540	99.05
541	99.05
542	99.05
543	99.05
544	99.05
545	99.05
546	99.05
547	99.05
548	99.05
549	99.05
550	99.05
551	99.05
552	99.05
553	100.00
554	99.05
555	99.05
556	99.05
557	99.05
558	99.05
559	99.05
560	99.05
561	99.05
562	99.05
563	99.05
564	99.05
565	99.05
566	99.05
567	99.05
568	99.05
569	99.05
570	99.05
571	99.05
572	99.05
573	99.05
574	99.05
575	100.00
576	100.00
577	100.00
578	100.00
579	100.00
580	100.00
581	100.00
582	100.00
583	100.00
584	100.00
585	100.00
586	100.00
587	100.00
588	100.00
589	100.00
590	100.00
591	100.00
592	100.00
593	100.00
594	100.00
595	100.00
596	100.00
597	100.00
598	100.00
599	100.00
600	100.00
601	100.00
602	100.00
603	100.00
604	100.00
605	100.00
606	100.00
607	100.00
608	100.00
609	100.00
610	100.00
611	100.00
612	100.00
613	100.00
614	100.00
615	100.00
616	100.00
617	100.00
618	100.00
619	100.00
620	100.00
621	100.00
622	100.00
623	100.00
624	100.00
625	100.00
626	100.00
627	100.00
628	100.00
629	100.00
630	100.00
631	100.00
632	100.00
633	100.00
634	100.00
635	100.00
636	100.00
637	100.00
638	100.00
639	100.00
640	100.00
641	100.00
642	100.00
643	100.00
644	100.00
645	100.00
646	100.00
647	100.00
648	100.00
649	100.00
650	100.00
651	100.00
652	100.00
653	100.00
654	100.00
655	100.00
656	100.00
657	100.00
658	100.00
659	100.00
660	100.00
661	100.00
662	100.00
663	100.00
664	98.10
665	96.19
666	94.29
667	92.38
668	90.48
669	88.57
670	86.67
671	84.76
672	82.86
673	80.95
674	79.05
675	77.14
676	75.24
677	73.33
678	71.43
679	69.52
680	67.62
681	65.71
682	63.81
683	61.90
684	60.00
685	60.00
686	60.00
687	60.00
688	60.00
689	60.00
690	60.00
691	60.00
692	60.00
693	60.00
694	60.00
695	60.00
696	60.00
697	60.00
698	60.00
699	60.00
700	60.00
701	60.00
702	60.00
703	60.00
704	60.00
705	60.00
706	60.00
707	60.00
708	60.00
709	60.00
710	60.00
711	60.00
712	60.00
713	60.00
714	60.00
715	60.00
716	60.00
717	60.00
718	60.00
719	60.00
720	60.00
721	60.00
722	60.00
723	60.00
724	60.00
725	60.00
726	60.00
727	60.00
728	60.00
729	60.00
730	60.00
731	60.00
732	60.00
733	60.00
734	60.00
735	60.00
736	60.00
737	60.00
738	60.00
739	60.00
740	60.00
741	60.00
742	60.00
743	60.00
744	60.00
745	60.00
746	60.00
747	60.00
748	60.00
749	60.00
750	60.00
751	60.00
752	60.00
753	60.00
754	60.00
755	60.00
756	60.00
757	60.00
758	60.00
759	60.00
760	60.00
761	60.00
762	60.00
763	60.00
764	60.00
765	60.00
766	60.00
767	60.00
768	60.00
769	60.00
770	60.00
771	60.00
772	60.00
773	60.00
774	60.00
775	60.00
776	60.00
777	60.00
778	60.00
779	60.00
780	60.00
781	60.00
782	60.00
783	60.00
784	60.00
785	60.00
786	60.00
787	60.00
788	60.00
789	60.00
790	60.00
791	60.00
792	60.00
793	60.00
794	60.00
795	60.00
796	60.00
797	60.00
798	60.00
799	60.00
800	60.00
801	60.00
802	60.00
803	60.00
804	60.00
805	60.00
806	60.00
807	60.00
808	60.00
809	60.00
810	60.00
811	60.00
812	60.00
813	60.00
814	60.00
815	60.00
816	60.00
817	60.00
818	60.00
819	60.00
820	60.00
821	60.00
822	60.00
823	60.00
824	60.00
825	60.00
826	60.00
827	60.00
828	60.00
829	60.00
830	60.00
831	60.00
832	60.00
833	60.00
834	60.00
835	60.00
836	60.00
837	60.00
838	60.00
839	60.00
840	60.00
841	60.00
842	60.00
843	60.00
844	60.00
845	60.00
846	60.00
847	60.00
848	60.00
849	60.00
850	60.00
851	60.00
852	60.00
853	60.00
854	60.00
855	60.00
856	60.00
857	60.00
858	60.00
859	60.00
860	60.00
861	60.00
862	60.00
863	60.00
864	60.00
865	60.00
866	60.00
867	60.00
868	60.00
869	60.00
870	60.00
871	60.00
872	60.00
873	60.00
874	60.00
875	60.00
876	60.00
877	60.00
878	60.00
879	60.00
880	60.95
881	61.90
882	62.86
883	63.81
884	64.76
885	65.71
886	66.67
887	67.62
888	68.57
889	69.52
890	70.48
891	71.43
892	72.38
893	73.33
894	74.29
895	75.24
896	76.19
897	77.14
898	78.10
899	79.05
900	80.00
901	80.00
902	80.00
903	80.00
904	80.00
905	80.00
906	80.00
907	80.00
908	80.00
909	80.00
910	80.00
911	80.00
912	80.00
913	80.00
914	80.00
915	80.00
916	80.00
917	80.00
918	80.00
919	80.00
920	80.00
921	80.00
922	80.00
923	80.00
924	80.00
925	80.00
926	80.00
927	80.00
928	80.00
929	80.00
930	80.00
931	80.00
932	80.00
933	80.00
934	80.00
935	80.00
936	80.00
937	80.00
938	80.00
939	80.00
940	80.00
941	80.00
942	80.00
943	80.00
944	80.00
945	80.00
946	80.00
947	80.00
948	80.00
949	80.00
950	80.00
951	80.00
952	80.00
953	80.00
954	80.00
955	80.00
956	80.00
957	80.00
958	80.00
959	80.00
960	80.00
961	80.00
962	80.00
963	80.00
964	80.00
965	80.00
966	80.00
967	80.00
968	80.00
969	80.00
970	80.00
971	80.00
972	80.00
973	80.00
974	80.00
975	80.00
976	80.00
977	80.00
978	80.00
979	80.00
980	80.00
981	80.00
982	80.00
