10 0.528
11 0.924
12 0.747
13 1.707
14 2.589
15 2.592
16 2.685
17 3.020
18 4.583
19 6.135
20 7.364
21 8.785
22 9.185
23 9.527
24 9.012
25 8.926
26 8.827
27 8.869
28 9.121
29 8.485
30 8.022
31 7.724
32 6.972
33 6.382
34 6.715
35 6.376
36 6.274
37 5.179
38 4.093
39 3.120
40 2.036
41 2.722
42 4.172
43 5.353
44 5.829
45 7.483
46 7.651
47 7.640
48 7.753
49 7.249
50 6.694
51 6.772
52 6.974
53 6.575
54 6.933
55 6.771
56 7.436
57 7.727
58 8.355
59 8.980
60 9.530
61 9.978
62 10.004
63 11.270
64 11.709
65 11.873
66 12.544
67 12.384
68 12.428
69 12.852
70 12.158
71 11.449
72 11.262
73 11.233
74 11.900
75 11.750
76 11.575
77 11.338
78 11.538
79 11.981
80 12.369
81 12.954
82 12.649
83 12.271
84 12.690
85 12.468
86 12.472
87 12.828
88 12.569
89 12.449
90 12.905
91 13.012
92 13.357
93 13.013
94 12.832
95 12.326
96 12.026
97 11.481
98 11.498
99 11.335
100 10.839
101 11.042
102 10.135
103 9.569
104 9.617
105 9.741
106 9.348
107 9.128
108 8.518
109 8.438
110 7.965
111 7.608
112 7.855
113 8.505
114 9.362
115 9.340
116 9.658
117 10.121
118 10.382
119 10.558
120 10.221
121 11.402
122 10.836
123 10.546
124 11.108
125 10.486
126 10.502
127 10.914
128 11.079
129 12.146
130 11.898
131 11.833
132 10.337
133 9.705
134 9.261
135 9.645
136 8.820
137 9.529
138 9.958
139 10.567
140 10.675
141 11.416
142 11.228
143 10.840
144 11.730
145 11.259
146 11.625
147 12.178
148 11.604
149 11.747
150 11.150
151 11.387
152 10.721
153 9.900
154 8.781
155 9.239
156 8.141
157 8.388
158 7.648
159 6.645
160 5.817
161 5.370
162 5.096
163 4.139
164 4.285
165 3.747
166 3.996
167 4.102
168 3.934
169 3.854
170 4.654
171 5.051
172 5.424
173 6.154
174 5.443
175 5.711
176 5.872
177 6.046
178 6.233
179 5.931
180 5.956
181 5.865
182 6.064
183 6.151
184 6.232
185 5.757
186 5.735
187 6.101
188 6.705
189 5.931
190 5.426
191 5.473
192 4.981
193 5.326
194 6.187
195 5.395
196 5.809
197 5.847
198 6.601
199 7.439
200 7.861
201 8.067
202 8.345
203 9.457
204 9.926
205 10.219
206 10.336
207 9.921
208 9.916
209 10.056
210 9.851
211 10.153
212 9.309
213 9.165
214 9.844
215 9.421
216 9.871
217 9.947
218 9.804
219 9.434
220 9.448
221 9.733
222 9.829
223 9.851
224 9.955
225 9.913
226 10.603
227 10.314
228 10.747
229 10.471
230 9.768
231 10.241
232 9.653
233 9.738
234 10.020
235 9.466
236 10.059
237 9.898
238 10.642
239 11.103
240 10.905
241 10.881
242 10.792
243 11.063
244 10.977
245 10.131
246 10.195
247 9.219
248 9.567
249 9.246
250 8.913
251 9.436
252 9.105
253 9.197
254 9.721
255 9.099
256 9.207
257 9.589
258 9.331
259 9.145
260 8.703
261 8.434
262 8.291
263 8.513
264 9.318
265 9.175
266 9.047
267 8.552
268 8.291
269 8.387
270 8.249
271 7.978
272 8.376
273 8.925
274 9.384
275 9.662
276 9.799
277 9.539
278 9.370
279 9.413
280 9.742
281 9.779
282 9.850
283 9.359
284 9.692
285 9.451
286 10.104
287 9.678
288 9.177
289 9.794
290 9.863
291 9.226
292 8.955
293 8.984
294 9.442
295 9.757
296 10.798
297 10.985
298 10.929
299 10.642
300 10.092
301 10.645
302 11.057
303 11.464
304 12.478
305 11.983
306 12.148
307 12.133
308 11.694
309 11.652
310 11.228
311 11.027
312 11.100
313 10.963
314 10.780
315 10.392
316 9.952
317 10.561
318 10.538
319 10.963
320 9.986
321 9.486
322 9.137
323 9.120
324 9.148
325 9.612
326 9.601
327 9.313
328 9.525
329 9.544
330 8.896
331 8.957
332 8.462
333 8.649
334 8.595
335 8.551
336 8.463
337 8.665
338 8.630
339 9.345
340 9.284
341 9.311
342 8.486
343 7.538
344 7.084
345 7.009
346 7.352
347 6.306
348 6.235
349 7.065
350 6.665
351 5.998
352 6.143
353 6.183
354 6.696
355 6.190
356 6.041
357 5.500
358 5.040
359 5.904
360 6.419
361 7.659
362 8.799
363 10.136
364 10.569
365 10.835
366 11.623
367 11.639
368 10.980
369 11.249
370 12.265
371 11.916
372 12.031
373 12.633
374 13.037
375 13.656
376 14.189
377 13.938
378 12.380
379 11.853
380 10.787
381 10.468
382 9.682
383 9.908
384 9.263
385 8.823
386 8.997
387 8.699
388 7.663
389 6.970
390 7.410
391 7.911
392 7.085
393 6.476
394 6.056
395 5.503
396 5.671
397 6.488
398 6.066
399 6.610
400 6.695
401 7.348
402 7.355
403 8.296
404 8.441
405 9.001
406 9.383
407 9.939
408 9.769
409 9.372
410 8.981
411 9.418
412 10.295
413 10.377
414 10.750
415 10.799
416 10.581
417 10.815
418 11.351
419 11.635
420 11.593
421 11.310
422 10.860
423 10.655
424 9.713
425 9.976
426 9.500
427 9.641
428 9.139
429 8.730
430 8.570
431 8.294
432 8.943
433 9.054
434 9.494
435 9.201
436 9.345
437 8.977
438 8.484
439 8.523
440 9.203
441 9.154
442 9.382
443 9.459
444 8.793
445 8.409
446 8.876
447 8.687
448 8.947
449 9.480
450 10.857
451 11.546
452 12.238
453 11.986
454 12.844
455 12.789
456 12.505
457 12.223
458 10.934
459 10.469
460 9.719
461 9.023
462 8.881
463 8.520
464 8.834
465 8.639
466 8.764
467 8.564
468 7.909
469 7.772
470 8.122
471 8.386
472 8.750
473 8.090
474 7.434
475 7.218
476 6.989
477 7.417
478 6.952
479 7.370
480 7.811
481 6.871
482 6.289
483 5.715
484 4.432
485 4.236
486 4.378
487 5.212
488 4.985
489 4.877
490 4.699
491 5.528
492 5.777
493 6.256
494 6.049
495 5.754
496 5.860
497 5.814
498 5.737
499 5.826
500 6.521
501 7.104
502 7.350
503 8.418
504 8.944
505 9.428
506 9.788
507 9.825
508 10.387
509 11.712
510 11.071
511 11.529
512 11.398
513 11.457
514 11.300
515 10.610
516 10.001
517 9.391
518 8.744
519 8.942
520 8.666
521 8.689
522 8.076
523 8.432
524 8.370
525 8.243
526 9.452
527 9.553
528 9.615
529 10.756
530 10.390
531 10.993
532 10.640
533 10.051
534 9.734
535 10.514
536 10.313
537 11.120
538 11.181
539 11.271
540 10.607
541 10.509
542 10.533
543 10.380
544 10.570
545 10.621
546 11.074
547 10.581
548 10.411
549 10.014
550 9.789
551 10.257
552 10.192
553 10.396
554 9.990
555 10.167
556 10.015
557 9.865
558 10.231
559 10.870
560 10.936
561 10.843
562 10.357
563 9.274
564 8.801
565 8.945
566 9.939
567 9.556
568 9.631
569 9.619
570 9.673
571 9.627
572 9.089
573 8.863
574 8.177
575 7.799
576 7.575
577 7.269
578 6.645
579 7.463
580 7.595
581 7.555
582 7.827
583 7.648
584 7.441
585 6.529
586 5.994
587 5.385
588 4.778
589 4.210
590 4.766
591 5.211
592 6.005
593 7.088
594 7.990
595 8.632
596 8.993
597 8.953
598 7.877
599 8.293
600 8.846
601 8.986
602 9.331
603 8.994
604 9.142
605 8.949
606 9.277
607 9.215
608 9.616
609 9.575
610 9.954
611 9.443
612 9.635
613 9.818
614 9.837
615 9.509
616 10.016
617 10.802
618 10.035
619 9.801
620 9.263
621 8.403
622 8.573
623 8.334
624 9.361
625 10.041
626 10.621
627 10.728
628 10.179
629 10.625
630 10.611
631 10.296
632 10.118
633 10.055
634 10.276
635 9.782
636 9.501
637 9.235
638 9.769
639 10.428
640 10.812
641 11.014
642 11.481
643 11.474
644 11.678
645 11.370
646 11.069
647 11.083
648 10.285
649 9.502
650 8.233
651 8.188
652 7.966
653 7.879
654 8.901
655 9.446
656 9.852
657 9.462
658 9.338
659 9.639
660 9.333
661 9.627
662 9.546
663 8.601
664 8.837
665 8.948
666 9.039
667 9.457
668 9.663
669 9.330
670 8.221
671 7.774
672 7.839
673 7.497
674 7.181
675 7.071
676 7.098
677 6.780
678 6.506
679 6.501
680 6.178
681 5.700
682 6.410
683 5.968
684 6.455
685 7.360
686 7.312
687 6.789
688 6.340
689 5.483
690 3.928
691 2.706
692 1.035
693 0.611
694 0.310
695 -0.194
696 -0.014
697 -0.460
698 -0.325
699 -0.779
700 -0.156
701 -0.283
702 0.288
703 0.094
704 0.547
705 1.473
706 3.081
707 4.901
708 6.950
709 9.344
710 11.016
711 12.406
712 12.265
713 12.622
714 12.667
715 12.448
716 12.457
717 11.907
718 12.126
719 11.600
720 11.808
721 11.432
722 11.258
723 10.753
724 10.426
725 10.696
726 10.081
727 9.985
728 9.580
729 9.219
730 9.403
731 10.238
732 10.491
733 10.202
734 10.577
735 11.184
736 11.466
737 11.954
738 11.987
739 11.646
740 10.983
741 10.843
742 10.053
743 9.184
744 8.516
745 8.491
746 8.120
747 8.184
748 8.948
749 9.546
750 9.935
751 9.613
752 10.416
753 9.876
754 9.182
755 8.903
756 7.948
757 7.260
758 6.809
759 7.686
760 8.149
761 8.345
762 9.071
763 8.555
764 8.617
765 8.644
766 8.426
767 7.863
768 7.500
769 7.009
770 7.768
771 8.274
772 9.281
773 10.323
774 10.713
775 11.738
776 11.703
777 12.084
778 11.996
779 11.767
780 12.194
781 11.887
782 12.752
783 13.294
784 13.913
785 14.314
786 14.295
787 13.725
788 13.707
789 12.927
790 11.882
791 11.812
792 11.118
793 10.865
794 10.726
795 10.424
796 9.914
797 9.828
798 9.167
799 9.493
800 10.514
801 10.409
802 10.291
803 10.913
804 11.341
805 11.029
806 11.273
807 11.530
808 11.764
809 12.534
810 12.462
811 12.111
812 12.588
813 12.047
814 12.309
815 12.537
816 11.822
817 11.664
818 11.500
819 10.301
820 10.228
821 9.860
822 9.350
823 9.139
824 9.101
825 8.922
826 8.675
827 8.182
828 8.188
829 9.053
830 10.294
831 10.304
832 11.370
833 11.326
834 10.837
835 11.123
836 10.718
837 10.350
838 11.105
