11	60.00
12	60.00
13	60.00
14	60.00
15	60.00
16	61.90
17	63.81
18	65.71
19	67.62
20	69.52
21	71.43
22	73.33
23	75.24
24	77.14
25	79.05
26	80.95
27	82.86
28	84.76
29	86.67
30	88.57
31	90.48
32	92.38
33	94.29
34	96.19
35	98.10
36	100.00
37	100.00
38	100.00
39	100.00
40	100.00
41	100.00
42	100.00
43	100.00
44	100.00
45	100.00
46	100.00
47	100.00
48	100.00
49	100.00
50	100.00
51	100.00
52	100.00
53	100.00
54	100.00
55	100.00
56	100.00
57	100.00
58	100.00
59	100.00
60	100.00
61	100.00
62	100.00
63	100.00
64	100.00
65	100.00
66	100.00
67	100.00
68	100.00
69	100.00
70	100.00
71	100.00
72	100.00
73	100.00
74	100.00
75	100.00
76	100.00
77	100.00
78	100.00
79	100.00
80	100.00
81	100.00
82	100.00
83	100.00
84	100.00
85	100.00
86	100.00
87	100.00
88	100.00
89	100.00
90	100.00
91	100.00
92	100.00
93	100.00
94	100.00
95	100.00
96	100.00
97	100.00
98	100.00
99	100.00
100	100.00
101	100.00
102	100.00
103	100.00
104	100.00
105	100.00
106	100.00
107	100.00
108	100.00
109	100.00
110	100.00
111	100.00
112	100.00
113	100.00
114	100.00
115	100.00
116	100.00
117	100.00
118	100.00
119	100.00
120	100.00
121	100.00
122	100.00
123	100.00
124	100.00
125	100.00
126	100.00
127	100.00
128	100.00
129	100.00
130	100.00
131	100.00
132	100.00
133	100.00
134	100.00
135	100.00
136	100.00
137	100.00
138	100.00
139	100.00
140	100.00
141	100.00
142	100.00
143	100.00
144	100.00
145	100.00
146	100.00
147	100.00
148	100.00
149	100.00
150	100.00
151	100.00
152	100.00
153	100.00
154	100.00
155	100.00
156	100.00
157	100.00
158	100.00
159	100.00
160	100.00
161	100.00
162	100.00
163	100.00
164	100.00
165	100.00
166	100.00
167	99.05
168	97.14
169	95.24
170	95.24
171	95.24
172	95.24
173	95.24
174	95.24
175	95.24
176	95.24
177	95.24
178	95.24
179	95.24
180	95.24
181	95.24
182	95.24
183	95.24
184	95.24
185	95.24
186	95.24
187	95.24
188	96.19
189	98.10
190	100.00
191	99.05
192	99.05
193	99.05
194	99.05
195	99.05
196	99.05
197	99.05
198	99.05
199	99.05
200	99.05
201	99.05
202	99.05
203	99.05
204	99.05
205	99.05
206	99.05
207	99.05
208	99.05
209	99.05
210	99.05
211	99.05
212	100.00
213	100.00
214	100.00
215	100.00
216	100.00
217	100.00
218	100.00
219	100.00
220	100.00
221	100.00
222	100.00
223	100.00
224	100.00
225	100.00
226	100.00
227	100.00
228	100.00
229	100.00
