11	60.00
12	60.00
13	60.00
14	59.05
15	60.00
16	60.95
17	61.90
18	62.86
19	63.81
20	64.76
21	65.71
22	66.67
23	67.62
24	68.57
25	69.52
26	70.48
27	71.43
28	72.38
29	73.33
30	74.29
31	75.24
32	76.19
33	77.14
34	78.10
35	80.00
36	80.00
37	80.00
38	80.00
39	80.00
40	80.00
41	80.00
42	80.00
43	80.00
44	80.00
45	80.00
46	80.00
47	80.00
48	80.00
49	80.00
50	80.00
51	80.00
52	80.00
53	80.00
54	80.00
55	80.00
56	80.00
57	80.00
58	80.00
59	80.00
60	80.00
61	80.00
62	80.00
63	80.00
64	80.00
65	80.00
66	80.00
67	80.00
68	80.00
69	80.00
70	80.00
71	80.00
72	80.00
73	80.00
74	80.00
75	80.00
76	80.00
77	80.00
78	80.00
79	80.00
80	80.00
81	80.00
82	80.00
83	80.00
84	80.00
85	80.00
86	80.00
87	80.00
88	80.00
89	80.00
90	80.00
91	80.00
92	80.00
93	80.00
94	80.00
95	80.00
96	80.00
97	80.00
98	80.00
99	80.00
100	80.00
101	80.00
102	80.00
103	80.00
104	80.00
105	80.00
106	80.00
107	80.00
108	80.00
109	80.00
110	80.00
111	80.00
112	80.00
113	80.00
114	80.00
115	80.00
116	80.00
117	80.00
118	80.00
119	80.00
120	80.00
121	80.00
122	80.00
123	80.00
124	80.00
125	80.00
126	80.00
127	80.00
128	80.00
129	80.00
130	80.00
131	80.00
132	80.00
133	80.00
134	80.00
135	80.00
136	80.00
137	80.00
138	80.00
139	80.00
140	80.00
141	80.00
142	80.00
143	80.00
144	80.00
145	80.00
146	80.00
147	80.00
148	80.00
149	80.00
150	80.00
151	80.00
152	80.00
153	80.00
154	80.00
155	80.00
156	80.00
157	80.00
158	80.00
159	80.00
160	80.00
161	80.00
162	80.00
163	80.00
164	80.00
165	80.00
166	80.00
167	80.00
168	80.00
169	80.00
170	80.00
171	80.00
172	80.00
173	80.00
174	80.00
175	80.00
176	80.00
177	80.00
178	80.00
179	80.00
180	80.00
181	80.00
182	80.00
183	80.00
184	80.00
185	80.00
186	80.00
187	80.00
188	80.00
189	80.00
190	80.00
191	80.00
192	80.00
193	80.00
194	80.00
195	80.00
196	80.00
197	80.00
198	80.00
199	80.00
200	80.00
201	80.00
202	80.00
203	80.00
204	80.00
205	80.00
206	80.00
207	80.00
208	80.00
209	80.00
210	80.00
211	80.00
212	80.00
213	80.00
214	80.00
215	80.00
216	80.00
217	80.00
218	80.00
219	80.00
220	80.00
221	80.00
222	80.00
223	80.00
224	80.00
225	80.00
226	80.00
227	80.00
228	80.00
229	80.00
230	80.00
231	80.00
232	80.00
233	80.00
234	80.00
235	80.00
236	80.00
237	80.00
238	80.00
239	80.00
240	80.00
241	80.00
242	80.00
243	80.00
244	80.00
245	80.00
246	80.00
247	80.00
248	80.00
249	80.00
250	80.00
251	80.00
252	80.00
253	80.00
254	80.00
255	80.00
256	80.00
257	80.00
258	80.00
259	80.00
260	80.00
261	80.00
262	80.00
263	80.00
264	80.00
265	80.00
266	80.00
267	80.00
268	80.00
269	80.00
270	80.00
271	80.00
272	80.00
273	80.00
274	80.00
275	80.00
276	80.00
277	80.00
278	80.00
279	80.00
280	80.00
281	80.00
282	80.00
283	80.00
284	80.00
285	80.00
286	80.00
287	80.00
288	80.00
289	80.00
290	80.00
291	80.00
292	80.00
293	80.00
294	80.00
295	80.00
296	80.00
297	80.00
298	80.00
299	80.00
300	80.00
301	80.00
302	80.00
303	80.00
304	80.00
305	80.00
306	80.00
307	80.00
308	80.00
309	80.00
310	80.00
311	80.00
312	80.00
313	80.00
314	80.00
315	80.00
316	80.00
317	80.00
318	80.00
319	80.00
320	80.00
321	80.00
322	80.00
323	80.00
324	80.00
325	80.00
326	80.00
327	80.00
328	80.00
329	80.00
330	80.00
331	80.00
332	80.00
333	80.00
334	80.00
335	80.00
336	80.00
337	80.00
338	80.00
339	80.00
340	80.00
341	80.00
342	80.00
343	80.00
344	80.00
345	80.00
346	80.00
347	80.00
348	80.00
349	80.00
350	80.00
351	80.00
352	80.00
353	80.00
354	80.00
355	80.00
356	80.00
357	80.00
358	80.00
359	80.00
360	80.00
361	80.00
362	80.00
363	80.00
364	80.00
365	80.00
366	80.00
367	80.00
368	80.00
369	80.00
370	80.00
371	80.00
372	80.00
373	80.00
374	80.00
375	80.00
376	80.00
377	80.00
378	80.00
379	80.00
380	80.00
381	80.00
382	80.00
383	80.00
384	80.00
385	80.00
386	80.00
387	80.00
388	80.00
389	80.00
390	80.00
391	80.00
392	80.00
393	80.00
394	80.00
395	80.00
396	80.00
397	80.00
398	80.00
399	80.00
400	80.00
401	80.00
402	80.00
403	80.00
404	80.00
405	80.00
406	80.00
407	80.00
408	80.00
409	80.00
410	80.00
411	80.00
412	80.00
413	80.00
414	80.00
415	80.00
416	80.00
417	80.00
418	80.00
419	80.00
420	80.00
421	80.00
422	80.00
423	80.00
424	80.00
425	80.00
426	80.00
427	80.00
428	80.00
429	80.00
430	80.00
431	80.00
432	80.00
433	80.00
434	80.00
435	80.00
436	80.00
437	80.00
438	80.00
439	80.00
440	80.00
441	80.00
442	80.00
443	80.00
444	80.00
445	80.00
446	80.00
447	80.00
448	80.00
449	80.00
450	80.00
451	80.00
452	80.00
453	80.00
454	80.00
455	80.00
456	80.00
457	80.00
458	80.00
459	80.00
460	80.00
461	80.00
462	80.00
463	80.00
464	80.00
465	80.00
466	80.00
467	80.00
468	80.00
469	80.00
470	80.00
471	80.00
472	80.00
473	80.00
474	80.00
475	80.00
476	80.00
477	80.00
478	80.00
479	80.00
480	80.00
481	80.00
482	80.00
483	80.00
484	80.00
485	80.00
486	80.00
487	80.00
488	80.00
489	80.00
490	80.00
491	80.00
492	80.00
493	80.00
494	80.00
495	80.00
496	80.00
497	80.00
498	80.00
499	80.00
500	80.00
501	80.00
502	80.00
503	80.00
504	80.00
505	80.00
506	80.00
507	80.00
508	80.00
509	80.00
510	80.00
511	80.00
512	80.00
513	80.00
514	80.00
515	80.00
516	80.00
517	80.00
518	80.00
519	80.00
520	80.00
521	80.00
522	80.00
523	80.00
524	80.00
525	80.00
526	80.00
527	80.00
528	80.00
529	80.00
530	80.00
531	80.00
532	80.00
533	80.00
534	80.00
535	80.00
536	80.00
537	80.00
538	80.00
539	80.00
540	80.00
541	80.00
542	80.00
543	80.00
544	80.00
545	80.00
546	80.00
547	80.00
548	80.00
549	79.05
550	78.10
551	77.14
552	76.19
553	75.24
554	75.24
555	75.24
556	75.24
557	75.24
558	75.24
559	75.24
560	75.24
561	75.24
562	75.24
563	75.24
564	75.24
565	75.24
566	75.24
567	75.24
568	75.24
569	75.24
