10 -1.586
11 -0.937
12 0.052
13 1.018
14 2.123
15 3.784
16 4.323
17 5.504
18 6.781
19 7.063
20 7.960
21 9.239
22 10.454
23 11.663
24 12.004
25 12.387
26 13.167
27 12.712
28 12.051
29 12.226
30 11.648
31 11.274
32 11.216
33 11.475
34 11.184
35 11.584
36 11.294
37 10.999
38 11.115
39 11.223
40 11.403
41 11.071
42 10.490
43 9.506
44 8.378
45 7.642
46 7.183
47 6.967
48 6.652
49 5.900
50 5.859
51 6.189
52 6.218
53 6.776
54 7.247
55 8.292
56 8.995
57 9.567
58 10.494
59 11.313
60 12.042
61 12.943
62 14.286
63 15.256
64 14.942
65 14.672
66 13.327
67 12.750
68 13.189
69 12.546
70 12.118
71 11.976
72 11.515
73 11.502
74 11.228
75 11.251
76 11.138
77 10.754
78 9.894
79 9.677
80 8.492
81 8.029
82 7.656
83 7.197
84 6.941
85 7.962
86 7.941
87 7.910
88 8.995
89 9.083
90 9.466
91 9.409
92 9.989
93 10.239
94 10.372
95 10.226
96 9.965
97 9.634
98 9.464
99 9.190
100 8.589
101 8.638
102 9.414
103 9.346
104 8.327
105 7.833
106 7.901
107 7.194
108 7.476
109 7.417
110 7.370
111 7.183
112 6.963
113 6.296
114 6.119
115 5.989
116 5.857
117 4.929
118 4.669
119 5.492
120 5.542
121 5.664
122 6.016
123 7.064
124 7.153
125 7.047
126 6.702
127 5.728
128 5.209
129 5.036
130 3.873
131 3.791
132 4.120
133 4.284
134 4.449
135 5.007
136 5.867
137 7.212
138 7.195
139 7.499
140 7.985
141 8.871
142 9.242
143 9.467
144 9.471
145 9.775
146 10.227
147 10.076
148 10.082
149 10.729
150 10.072
151 9.656
152 9.403
153 9.437
154 8.983
155 9.324
156 9.426
157 9.470
158 9.748
159 10.654
160 10.611
161 10.746
162 11.483
163 11.843
164 11.654
165 11.558
166 12.213
167 12.321
168 11.898
169 12.104
170 12.574
171 12.465
172 12.375
173 11.920
174 11.540
175 11.241
176 11.292
177 11.066
178 10.611
179 10.291
180 9.880
181 9.804
182 9.243
183 8.967
184 9.182
185 8.528
186 7.737
187 7.789
188 7.817
189 7.295
190 7.246
191 6.609
192 6.709
193 7.196
194 7.761
195 8.304
196 8.717
197 9.091
198 9.056
199 8.791
200 8.407
201 8.153
202 7.911
203 7.714
204 8.257
205 8.975
206 9.454
207 10.143
208 11.128
209 11.494
210 12.120
211 11.842
212 11.351
213 10.408
214 10.327
215 10.547
216 10.512
217 10.792
218 10.951
219 11.546
220 12.005
221 11.966
222 12.027
223 11.978
224 11.438
225 11.340
226 11.797
227 11.735
228 11.989
229 11.992
230 12.358
231 11.740
232 11.371
233 11.365
234 11.618
235 11.436
236 12.242
237 13.633
238 14.056
239 14.120
240 14.237
241 13.253
242 13.010
243 13.630
244 13.132
245 12.493
246 12.017
247 11.397
248 10.849
249 10.446
250 10.283
251 10.002
252 9.779
253 8.886
254 8.663
255 7.439
256 7.034
257 6.792
258 6.445
259 6.333
260 7.510
261 7.677
262 7.835
263 9.105
264 9.369
265 9.787
266 9.747
267 10.343
268 10.584
269 10.701
270 10.533
271 10.019
272 9.725
273 9.609
274 9.408
275 8.899
276 9.027
277 9.893
278 9.942
279 9.079
280 8.596
281 8.175
282 7.266
283 7.459
284 7.248
285 7.059
286 6.801
287 6.501
288 5.827
289 5.691
290 5.633
291 5.644
292 5.102
293 5.832
294 5.966
295 6.059
296 6.115
297 6.503
298 6.926
299 7.021
300 7.568
301 7.295
302 6.497
303 6.132
304 6.151
305 5.879
306 6.044
307 6.839
308 7.297
309 7.792
310 9.021
311 9.994
312 10.528
313 11.298
314 11.499
315 11.666
316 12.299
317 12.344
318 12.823
319 12.381
320 11.981
321 12.017
322 11.560
323 11.216
324 10.644
325 10.324
326 9.686
327 10.119
328 10.342
329 9.852
330 10.259
331 10.800
332 11.666
333 12.193
334 13.307
335 12.832
336 13.329
337 12.969
338 12.993
339 13.291
340 12.930
341 13.059
342 12.270
343 11.911
344 11.765
345 11.175
346 10.134
347 9.644
348 9.913
349 9.576
350 9.535
351 8.991
352 8.937
353 8.467
354 8.500
355 7.645
356 8.204
357 7.850
358 8.343
359 8.227
360 8.378
361 8.435
362 8.304
363 7.943
364 8.149
365 7.901
366 7.798
367 7.429
368 6.679
369 6.292
370 6.375
371 6.272
372 6.131
373 5.941
374 7.091
375 6.990
376 7.735
377 8.300
378 8.587
379 8.108
380 7.878
381 7.063
382 6.691
383 6.134
384 5.477
385 4.569
386 3.346
387 2.818
388 2.031
389 1.228
390 0.340
391 0.270
392 0.663
393 0.132
394 -0.175
395 -1.003
396 -2.014
397 -2.218
398 -1.644
399 -0.214
400 0.535
401 0.968
402 1.435
403 2.172
404 2.552
405 3.548
406 4.252
407 5.012
408 6.011
409 7.452
410 8.223
411 8.377
412 9.454
413 9.599
414 10.168
415 10.341
416 10.886
417 10.347
418 9.522
419 8.923
420 8.714
421 8.545
422 8.522
423 8.605
424 7.982
425 8.698
426 8.564
427 8.682
428 8.662
429 9.011
430 9.544
431 9.472
432 9.977
433 10.151
434 10.563
435 10.770
436 11.079
437 11.333
438 11.588
439 11.819
440 12.032
441 11.842
442 11.412
443 11.613
444 10.177
445 9.919
446 10.041
447 9.809
448 9.157
449 8.858
450 8.936
451 9.313
452 9.084
453 9.000
454 8.154
455 8.135
456 8.104
457 9.215
458 9.951
459 9.602
460 9.522
461 10.322
462 9.826
463 9.596
464 9.965
465 9.404
466 8.766
467 8.951
468 8.822
469 7.914
470 7.127
471 6.523
472 6.777
473 7.389
474 6.990
475 7.151
476 6.168
477 6.098
478 6.849
479 7.002
480 6.691
481 7.216
482 7.446
483 7.292
484 7.472
485 8.124
486 8.221
487 8.708
488 9.475
489 9.676
490 10.283
491 9.428
492 9.683
493 10.935
494 11.110
495 11.802
496 11.829
497 12.231
498 12.553
499 12.975
500 13.285
501 13.160
502 13.070
503 13.318
504 12.900
505 12.405
506 12.776
507 12.590
508 12.586
509 12.261
510 12.389
511 11.795
512 11.282
513 11.030
514 11.513
515 11.475
516 10.948
517 10.467
518 9.295
519 8.427
520 7.985
521 7.038
522 6.344
523 5.737
524 6.019
525 4.941
526 5.223
527 6.171
528 6.718
529 6.989
530 7.560
531 7.122
532 7.318
533 7.596
534 8.310
535 8.536
536 9.361
537 10.021
538 10.243
539 9.872
540 10.392
541 10.754
542 11.255
543 10.462
544 11.599
545 11.254
546 11.072
547 11.736
548 12.031
549 12.245
550 13.175
551 13.102
552 13.222
553 13.343
554 13.872
555 14.250
556 14.029
557 14.181
558 15.230
559 14.959
560 14.132
561 13.896
562 14.551
563 13.608
564 13.570
565 13.226
566 12.164
567 11.824
568 10.800
569 10.383
570 10.176
571 9.968
572 9.930
573 9.857
574 9.349
575 9.595
576 9.862
577 9.962
578 10.384
579 10.704
580 11.265
581 11.343
582 11.730
583 11.704
584 11.891
585 12.294
586 12.460
