10 10.176
11 10.938
12 10.872
13 11.471
14 12.110
15 12.893
16 12.671
17 12.337
18 12.583
19 11.811
20 11.577
21 11.952
22 11.915
23 12.009
24 12.127
25 12.125
26 12.134
27 12.403
28 11.770
29 11.170
30 10.789
31 9.869
32 9.099
33 8.761
34 7.820
35 7.284
36 6.608
37 5.245
38 3.928
39 2.741
40 1.599
41 1.117
42 0.145
43 0.354
44 0.689
45 0.237
46 -0.065
47 0.035
48 0.666
49 1.247
50 2.289
51 3.198
52 3.430
53 3.922
54 4.957
55 6.035
56 7.367
57 8.156
58 8.877
59 9.169
60 9.396
61 10.245
62 10.399
63 10.704
64 11.192
65 12.363
66 12.902
67 13.294
68 13.226
69 13.263
70 13.359
71 13.481
72 13.382
73 13.272
74 12.907
75 12.131
76 12.264
77 12.508
78 11.954
79 11.478
80 11.559
81 11.278
82 11.349
83 11.479
84 11.764
85 11.596
86 11.440
87 11.922
88 11.564
89 11.818
90 12.288
91 12.702
92 12.522
93 12.254
94 11.679
95 11.139
96 10.200
97 10.676
98 10.291
99 10.589
100 10.924
101 10.558
102 10.454
103 9.897
104 9.761
105 9.251
106 8.523
107 7.979
108 7.152
109 6.670
110 5.873
111 5.429
112 5.293
113 5.847
114 6.651
115 7.027
116 7.429
117 7.329
118 7.006
119 7.192
120 7.548
121 7.619
122 7.547
123 7.281
124 7.422
125 7.940
126 8.046
127 8.148
128 8.303
129 9.133
130 8.963
131 9.454
132 10.239
133 9.924
134 9.857
135 8.849
136 8.810
137 8.629
138 8.578
139 9.168
140 9.918
141 10.766
142 11.975
143 12.581
144 12.333
145 12.574
146 12.908
147 12.761
148 12.145
149 12.037
150 11.557
151 11.117
152 11.712
153 12.026
154 12.736
155 12.650
156 11.740
157 10.775
158 9.977
159 9.643
160 9.410
161 8.505
162 8.425
163 8.721
164 8.181
165 7.822
166 7.977
167 7.870
168 8.672
169 8.576
170 8.718
171 9.048
172 9.283
173 9.477
174 9.860
175 10.001
176 9.736
177 9.965
178 10.138
179 10.437
180 11.104
181 11.920
182 11.910
183 12.793
184 12.416
185 11.943
186 12.455
187 12.406
188 12.143
189 11.708
190 10.831
191 10.625
192 9.906
193 9.958
194 10.070
195 10.071
196 10.204
197 9.795
198 9.807
199 9.773
200 9.258
201 9.634
202 8.640
203 8.773
204 8.988
205 8.044
206 7.250
207 6.777
208 6.624
209 6.112
210 5.398
211 4.581
212 3.668
213 3.094
214 2.783
215 2.051
216 1.569
217 1.031
218 0.487
219 0.387
220 -0.071
221 -0.162
222 -0.524
223 -0.927
224 -0.594
225 -0.158
226 -0.284
227 -0.628
228 -0.662
229 -0.186
230 0.468
231 1.135
232 1.493
233 2.806
234 3.586
235 4.200
236 5.131
237 5.998
238 6.303
239 6.509
240 7.191
241 7.362
242 7.297
243 7.100
244 6.796
245 7.252
246 7.601
247 8.207
248 7.672
249 7.316
250 7.825
251 8.524
252 8.785
253 9.762
254 11.344
255 11.867
256 12.662
257 13.717
258 14.175
259 14.560
260 14.633
261 15.015
262 14.415
263 13.409
264 13.333
265 13.221
266 12.156
267 11.833
268 11.885
269 10.960
270 10.239
271 10.111
272 9.835
273 9.015
274 9.212
275 8.586
276 8.485
277 8.892
278 9.049
279 9.705
280 9.357
281 10.219
282 10.744
283 10.674
284 10.840
285 11.780
286 12.011
287 12.380
288 13.116
289 13.571
290 13.355
291 12.927
292 13.470
293 12.867
294 12.382
295 12.175
296 11.606
297 11.070
298 11.007
299 11.179
300 10.746
301 11.088
302 10.246
303 9.068
304 9.127
305 9.569
306 9.207
307 9.825
308 10.025
309 10.319
310 10.468
311 10.534
312 11.232
313 11.777
314 11.625
315 11.400
316 10.865
317 10.305
318 10.414
319 10.686
320 10.540
321 11.785
322 13.125
323 12.493
324 11.951
325 11.761
326 10.288
327 10.114
328 9.155
329 8.488
330 8.035
331 8.413
332 8.826
333 9.005
334 9.784
335 11.069
336 11.679
337 11.952
338 12.194
339 11.912
340 11.252
341 11.061
342 10.114
343 9.694
344 9.483
345 8.924
346 8.427
347 8.461
348 8.149
349 7.932
350 7.203
351 7.331
352 7.262
353 7.463
354 6.867
355 7.427
356 7.912
357 8.552
358 9.903
359 9.831
360 9.559
361 9.524
362 8.766
363 8.490
364 8.551
365 8.393
366 8.165
367 8.643
368 9.099
369 9.535
370 9.321
371 10.085
372 9.663
373 9.645
374 9.389
375 8.906
376 8.201
377 7.536
378 7.674
379 7.787
380 7.624
381 7.313
382 7.483
383 7.524
384 6.798
385 7.141
386 7.193
387 7.264
388 6.890
389 7.549
390 7.616
391 8.701
392 9.609
393 9.553
394 9.050
395 9.032
396 8.815
397 7.834
398 8.022
399 8.015
400 7.475
401 7.143
402 7.677
403 7.707
404 7.151
405 7.114
406 7.063
407 7.665
408 7.924
409 8.222
410 8.743
411 9.561
412 10.805
413 10.908
414 10.105
415 10.218
416 10.627
417 10.197
418 10.395
419 10.394
420 9.788
421 8.886
422 7.978
423 8.567
424 8.465
425 8.763
426 8.139
427 8.121
428 8.522
429 7.817
430 7.365
431 7.466
