11	60.00
12	60.00
13	60.00
14	60.00
15	60.95
16	61.90
17	62.86
18	63.81
19	64.76
20	65.71
21	66.67
22	67.62
23	68.57
24	69.52
25	70.48
26	71.43
27	72.38
28	73.33
29	74.29
30	75.24
31	76.19
32	77.14
33	78.10
34	79.05
35	80.00
36	80.00
37	80.00
38	80.00
39	80.00
40	80.00
41	80.00
42	80.00
43	80.00
44	80.00
45	80.00
46	80.00
47	80.00
48	80.00
49	80.00
50	80.00
51	80.00
52	80.00
53	80.00
54	80.00
55	80.00
56	80.00
57	80.00
58	80.00
59	80.00
60	80.00
61	80.00
62	80.00
63	80.00
64	80.00
65	80.00
66	80.00
67	80.00
68	80.00
69	80.00
70	80.00
71	80.00
72	80.00
73	80.00
74	80.00
75	80.00
76	80.00
77	80.00
78	80.00
79	80.00
80	80.00
81	80.00
82	80.00
83	80.00
84	80.00
85	80.00
86	80.00
87	80.00
88	80.00
89	80.00
90	80.00
91	80.00
92	80.00
93	80.00
94	80.00
95	80.00
96	80.00
97	80.00
98	80.00
99	80.00
100	80.00
101	80.00
102	80.00
103	80.00
104	80.00
105	80.00
106	80.00
107	80.00
108	80.00
109	80.00
110	80.00
111	80.00
112	80.00
113	80.00
114	80.00
115	80.00
116	80.00
117	80.00
118	80.00
119	80.00
120	80.00
121	80.00
122	80.00
123	80.00
124	80.00
125	80.00
126	80.00
127	80.00
128	80.00
129	80.00
130	80.00
131	80.00
132	80.00
133	80.00
134	80.00
135	80.00
136	80.00
137	80.00
138	80.00
139	80.00
140	80.00
141	80.00
142	80.00
143	80.00
144	80.00
145	80.00
146	80.00
147	80.00
148	80.00
149	80.00
150	80.00
151	80.00
152	80.00
153	80.00
154	80.00
155	80.00
156	80.00
157	80.00
158	80.00
159	80.00
160	80.00
161	80.00
162	80.00
163	80.00
164	80.00
165	80.00
166	80.00
167	80.00
168	80.00
169	80.00
170	80.00
171	80.00
172	80.00
173	80.00
174	80.00
175	80.00
176	80.00
177	80.00
178	80.00
179	80.00
180	80.00
181	80.00
182	80.00
183	80.00
184	80.00
185	80.00
186	80.00
187	80.00
188	80.00
189	80.00
190	80.00
191	80.00
192	80.00
193	80.00
194	80.00
195	80.00
196	80.00
197	80.00
198	80.00
199	80.00
200	80.00
201	80.00
202	80.00
203	80.00
204	80.00
205	80.00
206	80.00
207	80.00
208	80.00
209	80.00
210	80.00
211	80.00
212	80.00
213	80.00
214	80.00
215	80.00
216	80.00
217	80.00
218	80.00
219	80.00
220	80.00
221	78.10
222	79.05
223	80.00
224	80.95
225	81.90
226	82.86
227	83.81
228	84.76
229	85.71
230	86.67
231	87.62
232	88.57
233	89.52
234	90.48
235	91.43
236	92.38
237	93.33
238	94.29
239	95.24
240	96.19
241	97.14
242	98.10
243	97.14
244	96.19
245	95.24
246	94.29
247	93.33
248	92.38
249	91.43
250	90.48
251	89.52
252	88.57
253	87.62
254	86.67
255	85.71
256	84.76
257	83.81
258	82.86
259	81.90
260	80.95
261	80.00
262	79.05
263	80.00
264	80.00
265	80.00
266	80.00
267	80.00
268	80.00
269	80.00
270	80.00
271	80.00
272	80.00
273	80.00
274	80.00
275	80.00
276	80.00
277	80.00
278	80.00
279	80.00
280	80.00
281	80.00
282	80.00
283	80.00
284	80.00
285	80.00
286	80.00
287	80.00
288	80.00
289	80.00
290	80.00
291	80.00
292	80.00
293	80.00
294	80.00
295	80.00
296	80.00
297	80.00
298	80.00
299	80.00
300	80.00
301	80.00
302	80.00
303	80.00
304	80.00
305	80.00
306	80.00
307	80.00
308	80.00
309	80.00
310	80.00
311	80.00
312	80.00
313	80.00
314	80.00
315	80.00
316	80.00
317	80.00
318	80.00
319	80.00
320	80.00
321	80.00
322	80.00
323	80.00
324	80.00
325	80.00
326	80.00
327	80.00
328	80.00
329	80.00
330	80.00
331	80.00
332	80.00
333	80.00
334	80.00
335	80.00
336	80.00
337	80.00
338	80.00
339	80.00
340	80.00
341	80.00
342	80.00
343	80.00
344	80.00
345	80.00
346	80.00
347	80.00
348	80.00
349	80.00
350	80.00
351	80.00
352	80.00
353	80.00
354	80.00
355	80.00
356	80.00
357	80.00
358	80.00
359	80.00
360	80.00
