11	76.19
12	76.19
13	76.19
14	76.19
15	76.19
16	76.19
17	77.14
18	79.05
19	80.00
20	80.95
21	81.90
22	82.86
23	83.81
24	84.76
25	85.71
26	86.67
27	87.62
28	88.57
29	89.52
30	90.48
31	91.43
32	92.38
33	93.33
34	94.29
35	95.24
36	97.14
37	99.05
38	100.00
39	100.00
40	100.00
41	100.00
42	100.00
43	100.00
44	100.00
45	100.00
46	100.00
47	100.00
48	100.00
49	100.00
50	100.00
51	100.00
52	100.00
53	100.00
54	100.00
55	100.00
56	100.00
57	100.00
58	100.00
59	100.00
60	100.00
61	100.00
62	100.00
63	100.00
64	100.00
65	100.00
66	100.00
67	100.00
68	98.10
69	98.10
70	98.10
71	98.10
72	98.10
73	98.10
74	98.10
75	98.10
76	98.10
77	98.10
78	98.10
79	98.10
80	98.10
81	98.10
82	98.10
83	98.10
84	98.10
85	98.10
86	98.10
87	98.10
88	98.10
89	97.14
90	95.24
91	93.33
92	93.33
93	93.33
94	93.33
95	93.33
96	93.33
97	93.33
98	93.33
99	93.33
100	93.33
101	93.33
102	93.33
103	93.33
104	93.33
105	93.33
106	93.33
107	93.33
108	93.33
109	92.38
110	94.29
111	96.19
112	98.10
113	98.10
114	98.10
115	98.10
116	98.10
117	98.10
118	98.10
119	98.10
120	98.10
121	98.10
122	98.10
123	98.10
124	98.10
125	98.10
126	98.10
127	98.10
128	98.10
129	98.10
130	97.14
131	96.19
132	95.24
133	94.29
134	93.33
135	93.33
136	93.33
137	93.33
138	93.33
139	93.33
140	93.33
141	93.33
142	93.33
143	93.33
144	93.33
145	93.33
146	93.33
147	93.33
148	93.33
149	93.33
150	93.33
151	95.24
152	97.14
153	98.10
154	99.05
155	100.00
156	100.00
157	100.00
158	100.00
159	100.00
160	100.00
161	99.05
162	97.14
163	96.19
164	95.24
165	95.24
166	95.24
167	95.24
168	95.24
169	95.24
170	95.24
171	95.24
172	95.24
173	95.24
174	95.24
175	95.24
176	95.24
177	95.24
178	95.24
179	95.24
180	95.24
181	95.24
182	96.19
183	98.10
184	96.19
185	95.24
186	95.24
187	95.24
188	95.24
189	95.24
190	95.24
191	95.24
192	95.24
193	95.24
194	95.24
195	95.24
196	95.24
197	95.24
198	95.24
199	95.24
200	95.24
201	95.24
202	95.24
203	95.24
204	95.24
205	98.10
206	100.00
207	100.00
208	100.00
209	100.00
210	100.00
211	100.00
212	100.00
213	100.00
214	100.00
215	100.00
216	100.00
217	100.00
218	100.00
219	100.00
220	100.00
221	100.00
222	100.00
223	100.00
224	100.00
225	100.00
226	100.00
227	100.00
228	100.00
229	100.00
230	100.00
231	100.00
232	100.00
233	100.00
234	100.00
235	100.00
236	100.00
237	100.00
238	100.00
239	100.00
240	100.00
241	100.00
242	100.00
243	100.00
244	100.00
245	100.00
246	100.00
247	100.00
248	100.00
249	100.00
250	100.00
