10 5.180
11 4.681
12 4.451
13 3.996
14 3.433
15 3.256
16 2.581
17 2.331
18 2.311
19 2.009
20 1.753
21 2.310
22 2.385
23 2.272
24 2.438
25 2.808
26 3.568
27 4.086
28 5.152
29 5.148
30 5.509
31 6.181
32 6.196
33 6.669
34 7.106
35 7.602
36 7.752
37 7.344
38 7.095
39 6.899
40 6.064
41 5.814
42 5.540
43 5.215
44 5.056
45 4.987
46 5.302
47 5.268
48 5.724
49 5.480
50 5.760
51 5.847
52 5.834
53 6.165
54 5.870
55 6.137
56 5.821
57 5.721
58 5.846
59 6.133
60 5.522
61 5.019
62 5.650
63 5.440
64 5.454
65 5.974
66 5.611
67 5.767
68 6.996
69 7.560
70 8.059
71 8.102
72 8.410
73 9.044
74 8.665
75 9.299
76 10.014
77 10.465
78 10.365
79 10.724
80 10.566
81 10.141
82 10.803
83 10.632
84 10.280
85 10.688
86 10.243
87 9.186
88 9.124
89 9.751
90 9.318
91 8.341
92 7.917
93 7.670
94 7.207
95 7.179
96 6.767
97 6.613
98 6.353
99 6.358
100 5.784
101 5.397
102 5.419
103 5.449
104 5.567
105 6.097
106 6.562
107 6.853
108 7.426
109 8.773
110 9.817
111 9.692
112 9.162
113 8.571
114 7.573
115 7.112
116 6.518
117 6.317
118 5.835
119 6.275
120 5.223
121 5.354
122 5.769
123 5.880
124 6.091
125 6.309
126 6.634
127 5.733
128 5.911
129 5.504
130 5.525
131 5.093
132 5.120
133 4.910
134 4.842
135 4.748
136 5.639
137 6.350
138 6.588
139 7.400
140 7.126
141 7.673
142 8.554
143 9.530
144 9.964
145 10.207
146 10.183
147 9.619
148 10.173
149 10.782
150 11.416
151 11.619
152 12.127
153 12.059
154 12.004
155 11.647
156 10.975
157 10.733
158 10.396
159 9.817
160 8.758
161 8.027
162 6.731
163 6.687
164 7.160
165 7.808
166 8.561
167 8.452
168 8.042
169 7.717
170 8.354
171 8.860
172 9.133
173 9.681
174 10.065
175 10.057
176 10.115
177 9.539
178 9.679
179 9.349
180 9.714
181 9.606
182 8.749
183 7.931
184 8.045
185 7.584
186 7.631
187 7.890
188 8.706
189 8.589
190 8.932
191 9.119
192 8.384
193 7.987
194 8.495
195 8.022
196 8.965
197 9.287
198 8.864
199 8.033
200 7.991
201 7.805
202 7.539
203 6.695
204 6.458
205 6.332
206 6.625
207 6.467
208 5.666
209 4.861
210 4.700
211 4.774
212 4.543
213 4.104
214 4.091
215 4.067
216 4.242
217 4.655
218 5.010
219 5.684
220 6.524
221 7.181
222 7.929
223 8.284
224 8.781
225 8.512
226 8.480
227 8.773
228 8.928
229 8.642
230 9.126
231 10.024
232 9.893
233 9.989
234 9.867
235 9.334
236 9.632
237 9.983
238 9.563
239 9.747
240 9.569
241 10.161
242 9.540
243 9.369
244 9.236
245 9.494
246 9.699
247 9.683
248 9.587
249 9.112
250 8.420
251 8.519
252 8.620
253 8.077
254 8.221
255 7.807
256 7.544
257 6.899
258 6.087
259 5.867
260 5.642
261 5.408
262 5.477
263 5.556
264 6.138
265 6.743
266 7.491
267 7.449
268 7.684
269 7.321
270 6.896
271 6.820
272 6.233
273 6.329
274 5.920
275 5.767
276 5.866
277 6.133
278 5.522
279 5.019
280 5.650
281 5.440
282 5.454
283 5.974
284 5.611
285 5.767
286 6.996
287 7.560
288 8.059
289 8.117
290 8.442
291 9.104
292 8.392
293 9.019
294 9.758
295 10.274
296 10.293
297 10.819
298 10.855
299 10.620
300 11.409
301 11.231
302 10.761
303 10.935
304 10.230
305 8.945
306 8.711
307 9.231
308 8.747
309 7.684
310 7.334
311 7.670
312 7.207
313 7.179
314 6.767
315 6.613
316 6.353
317 6.358
318 5.784
319 5.397
320 5.419
321 5.449
322 5.567
323 6.097
324 6.562
325 6.853
326 7.426
327 8.773
328 9.817
329 9.692
330 9.162
331 8.571
332 7.573
333 7.112
334 6.518
335 6.317
336 5.835
337 6.275
338 5.223
339 5.354
340 5.769
341 5.880
342 6.091
343 6.309
344 6.634
345 5.733
346 5.911
347 5.504
348 5.525
349 5.093
350 5.120
351 4.910
352 4.842
353 4.748
354 5.639
355 6.350
356 6.588
357 7.400
358 7.126
359 7.673
360 8.554
361 9.530
362 9.964
363 10.207
364 10.183
365 9.619
366 10.173
367 10.782
368 11.416
369 11.619
370 12.127
371 12.059
372 12.004
373 11.647
374 10.975
375 10.733
376 10.396
377 9.817
378 8.290
379 7.496
380 6.115
381 5.916
382 6.489
383 7.324
384 8.351
385 8.539
386 8.354
387 8.105
388 8.652
389 8.944
390 8.930
391 9.218
392 9.412
393 9.315
394 9.416
395 8.861
396 9.093
397 9.349
398 9.714
399 9.606
400 8.749
401 7.931
402 8.045
403 7.584
404 7.631
405 7.890
406 8.706
407 8.589
408 8.932
409 9.119
410 8.384
411 7.987
412 8.495
413 8.022
414 8.965
415 9.287
416 8.997
417 8.163
418 8.167
419 8.029
420 7.799
421 6.976
422 6.738
423 6.579
424 6.831
425 6.650
426 5.864
427 5.072
428 4.921
429 4.991
430 4.742
431 4.274
432 4.228
433 4.176
434 4.351
435 4.655
436 5.010
437 5.684
438 6.524
439 7.181
440 7.929
441 8.284
442 8.723
443 8.432
444 8.371
445 8.633
446 8.761
447 8.457
448 8.740
449 9.545
450 9.676
451 9.393
452 8.665
453 7.616
454 7.756
455 8.288
456 8.571
457 8.048
458 7.559
459 7.333
460 6.593
461 6.152
462 5.842
463 6.261
464 5.892
465 6.144
466 5.891
467 5.153
468 4.025
469 3.185
470 2.742
471 1.909
472 1.251
473 0.339
474 -0.556
475 -1.800
476 -1.762
477 -1.600
478 -1.307
479 -1.338
480 -1.691
481 -1.844
482 -2.014
483 -1.496
484 -0.967
485 0.448
486 1.770
487 3.185
488 5.211
489 7.042
490 8.889
491 10.357
492 10.672
493 10.909
494 10.998
495 11.328
496 11.859
497 12.219
498 12.603
499 13.238
500 14.000
501 14.115
502 14.985
503 15.256
504 15.078
505 15.066
506 15.093
507 14.372
508 13.401
509 13.276
510 12.947
511 12.607
512 12.524
513 13.109
514 12.536
515 12.533
516 12.595
517 12.521
518 12.821
519 12.973
520 13.445
521 13.346
522 13.920
523 14.877
524 14.888
525 15.112
