11	60.00
12	60.00
13	60.00
14	59.05
15	59.05
16	59.05
17	59.05
18	59.05
19	59.05
20	59.05
21	59.05
22	59.05
23	59.05
24	59.05
25	59.05
26	59.05
27	59.05
28	59.05
29	59.05
30	59.05
31	59.05
32	59.05
33	59.05
34	59.05
35	60.00
36	60.00
37	60.00
38	60.00
39	60.00
40	60.00
41	60.00
42	60.00
43	60.00
44	60.00
45	60.00
46	60.00
47	60.00
48	60.00
49	60.00
50	60.00
51	60.00
52	60.00
53	60.00
54	60.00
55	60.00
56	60.00
57	60.00
58	60.00
59	60.00
60	60.00
61	60.00
62	60.00
63	60.00
64	60.00
65	60.00
66	60.00
67	60.00
68	60.00
69	60.00
70	60.00
71	60.00
72	60.00
73	60.00
74	60.00
75	60.00
76	60.00
77	60.00
78	60.00
79	60.00
80	60.00
81	60.00
82	60.00
83	60.00
84	60.00
85	60.00
86	60.00
87	60.00
88	60.00
89	60.00
90	60.00
91	60.00
92	60.00
93	60.00
94	60.00
95	60.00
96	60.00
97	60.00
98	60.00
99	60.00
100	60.00
101	60.00
102	60.00
103	60.00
104	60.00
105	60.00
106	60.00
107	60.00
108	60.00
109	60.00
110	60.00
111	60.00
112	60.00
113	60.00
114	60.00
115	60.00
116	60.00
117	60.00
118	60.00
119	60.00
120	60.00
121	60.00
122	60.00
123	60.00
124	60.00
125	60.00
126	60.00
127	60.00
128	60.00
129	60.00
130	60.00
131	60.00
132	60.00
133	60.00
134	60.00
135	60.00
136	60.00
137	60.00
138	60.00
139	60.00
140	60.00
141	60.00
142	60.00
143	60.00
144	60.00
145	60.00
146	60.00
147	60.00
148	60.00
149	60.00
150	60.00
151	60.00
152	60.00
153	60.00
154	60.00
155	60.00
156	60.00
157	60.00
158	60.00
159	60.00
160	60.00
161	60.00
162	60.00
163	60.00
164	60.00
165	60.00
166	60.00
167	60.00
168	60.00
169	60.00
170	60.00
171	60.00
172	60.00
173	60.00
174	60.00
175	60.00
176	60.00
177	60.00
178	60.00
179	60.00
180	60.00
181	60.00
182	60.00
183	60.00
184	60.00
185	60.00
186	60.00
187	60.00
188	60.00
189	60.00
190	60.00
191	60.00
192	60.00
193	60.00
194	60.00
195	60.00
196	60.00
197	60.00
198	60.00
199	60.00
200	60.00
201	60.00
202	60.00
203	60.00
204	60.00
205	60.00
206	60.00
207	60.00
208	60.00
209	60.00
210	60.00
211	60.00
212	60.00
213	60.00
214	60.00
215	60.00
216	60.00
217	60.00
218	60.00
219	60.00
220	60.00
221	60.00
222	60.00
223	60.00
224	60.00
225	60.00
226	60.00
227	60.00
228	60.00
229	60.00
230	60.00
231	60.00
232	60.00
233	60.00
234	60.00
235	60.00
236	60.00
237	60.00
238	60.00
239	60.00
240	60.00
241	60.00
242	60.00
243	60.00
244	60.00
245	60.00
246	60.00
247	60.00
248	60.00
249	60.00
250	60.00
251	60.00
252	60.00
253	60.00
254	60.00
255	60.00
256	60.00
257	60.00
258	60.00
259	60.00
260	60.00
261	60.00
262	60.00
263	60.00
264	60.00
265	60.00
266	60.00
267	60.00
268	60.00
269	60.00
270	60.00
271	60.00
272	60.00
273	60.00
274	60.00
275	60.00
276	60.00
277	60.00
278	60.00
279	60.00
280	60.00
281	60.00
282	60.00
283	60.00
284	60.00
285	60.00
286	60.00
287	60.00
288	60.00
289	60.00
290	60.00
291	60.00
292	60.00
293	60.00
294	60.00
295	60.00
296	60.00
297	60.00
298	60.00
299	60.00
300	60.00
301	60.00
302	60.00
303	60.00
304	60.00
305	60.00
306	60.00
307	60.00
308	60.00
309	60.00
310	60.00
311	60.00
312	60.00
313	60.00
314	60.00
315	60.00
316	60.00
317	60.00
318	60.00
319	60.00
320	60.00
321	60.00
322	60.00
323	60.00
324	60.00
325	60.00
326	60.00
327	60.00
328	60.00
329	60.00
330	60.00
331	60.00
332	60.00
333	60.00
334	60.00
335	60.00
336	60.00
337	60.00
338	60.00
339	60.00
340	60.00
341	60.00
342	60.00
343	60.00
344	60.00
345	60.00
346	60.00
347	60.00
348	60.00
349	60.00
350	60.00
351	60.00
352	60.00
353	60.00
354	60.00
355	60.00
356	60.00
357	60.00
358	60.00
359	60.00
360	60.00
361	60.00
362	60.00
363	60.00
364	60.00
365	60.00
366	60.00
367	60.00
368	60.00
369	60.00
370	60.00
371	60.00
372	60.00
373	60.00
374	60.00
375	60.00
376	60.00
377	60.00
378	60.00
379	60.00
380	60.00
381	60.00
382	60.00
383	60.00
384	60.00
385	60.00
386	60.00
387	60.00
388	60.00
389	60.00
390	60.00
391	60.00
392	60.00
393	60.00
394	60.00
395	60.00
396	60.00
397	60.00
398	60.00
399	60.00
400	60.00
401	60.00
402	60.00
403	60.00
404	60.00
405	60.00
406	60.00
407	60.00
408	60.00
409	60.00
410	60.00
411	60.00
412	60.00
413	60.00
414	60.00
415	60.00
416	60.00
417	60.00
418	60.00
419	60.00
420	60.00
421	60.00
422	60.00
423	60.00
424	60.00
425	60.00
426	60.00
427	60.00
428	60.00
429	60.00
430	60.00
431	60.00
432	60.00
433	60.00
434	60.00
435	60.00
436	60.00
437	60.00
438	60.00
439	60.00
440	60.00
441	60.00
442	60.00
443	60.00
444	60.00
445	60.95
446	61.90
447	62.86
448	63.81
449	64.76
450	65.71
451	66.67
452	67.62
453	68.57
454	69.52
455	70.48
456	71.43
457	72.38
458	73.33
459	74.29
460	75.24
461	76.19
462	77.14
463	78.10
464	79.05
465	80.00
466	80.00
467	80.00
468	80.00
469	80.00
470	80.00
471	80.00
472	80.00
473	80.00
474	80.00
475	80.00
476	80.00
477	80.00
478	80.00
479	80.00
480	80.00
481	80.00
482	80.00
483	80.00
484	80.00
485	80.00
486	80.00
487	80.00
488	80.00
489	80.00
490	80.00
491	80.00
492	80.00
493	80.00
494	80.00
495	80.00
496	80.00
497	80.00
498	80.00
499	80.00
500	80.00
501	80.00
502	80.00
503	80.00
504	80.00
505	80.00
506	80.00
507	80.00
508	80.00
509	80.00
510	80.00
511	80.00
512	80.00
513	80.00
514	80.00
515	80.00
516	80.00
517	80.00
518	80.00
519	80.00
520	80.00
521	80.00
522	80.00
523	80.00
524	80.00
525	80.00
526	80.00
527	80.00
528	80.00
529	80.00
530	80.00
531	80.00
532	80.00
533	80.00
534	80.00
535	80.00
536	80.00
537	80.00
538	80.00
539	80.00
540	80.00
541	80.00
542	80.00
543	80.00
544	80.00
545	80.00
546	80.00
547	80.00
548	80.00
549	80.00
550	80.00
551	80.00
552	80.00
553	80.00
554	80.00
555	80.00
556	80.00
557	80.00
558	80.00
559	80.00
560	80.00
561	80.00
562	80.00
563	80.00
564	80.00
565	80.00
566	80.00
567	80.00
568	80.00
569	80.00
570	80.00
571	80.00
572	80.00
573	80.00
574	80.00
575	80.00
576	80.00
577	80.00
578	80.00
579	80.00
580	80.00
581	80.00
582	80.00
583	80.00
584	80.00
585	80.00
586	80.00
587	80.00
588	80.00
589	80.00
590	80.00
591	80.00
592	80.00
593	80.00
594	80.00
595	80.00
596	80.00
597	80.00
598	80.00
599	80.00
600	80.00
601	80.00
602	80.00
603	80.00
604	80.00
605	80.00
606	80.00
607	80.00
608	80.00
609	80.00
610	80.00
611	80.00
612	80.00
613	80.00
614	80.00
615	80.00
616	80.00
617	80.00
618	80.00
619	80.00
620	80.00
621	80.00
622	80.00
623	80.00
624	80.00
625	80.00
626	80.00
627	80.00
628	80.00
629	80.00
630	80.00
631	80.00
632	80.00
633	80.00
634	80.00
635	80.00
636	80.00
637	80.00
638	80.00
639	80.00
640	80.00
641	80.00
642	80.00
643	80.00
644	80.00
645	80.00
646	80.00
647	80.00
648	80.00
649	80.00
650	80.00
651	80.00
652	80.00
653	80.00
654	79.05
655	78.10
656	77.14
657	76.19
658	75.24
659	74.29
660	73.33
661	72.38
662	71.43
663	70.48
664	69.52
665	68.57
666	67.62
667	66.67
668	65.71
669	64.76
670	63.81
671	62.86
672	61.90
673	60.95
674	60.00
675	60.00
676	60.00
677	60.00
678	60.00
679	60.00
680	60.00
681	60.00
682	60.00
683	60.00
684	60.00
685	60.00
686	60.00
687	60.00
688	60.00
689	60.00
690	60.00
691	60.00
692	60.00
693	60.00
694	60.00
