11	60.00
12	60.00
13	60.00
14	60.00
15	60.00
16	60.00
17	60.95
18	61.90
19	62.86
20	63.81
21	64.76
22	65.71
23	66.67
24	67.62
25	68.57
26	69.52
27	70.48
28	71.43
29	72.38
30	73.33
31	74.29
32	75.24
33	76.19
34	77.14
35	78.10
36	79.05
37	80.00
38	80.00
39	80.00
40	80.00
41	80.00
42	80.00
43	80.00
44	80.00
45	80.00
46	80.00
47	80.00
48	80.00
49	80.00
50	80.00
51	80.00
52	80.00
53	80.00
54	80.00
55	80.00
56	80.00
57	80.00
58	80.00
59	80.00
60	80.00
61	80.00
62	80.00
63	80.00
64	80.00
65	80.00
66	80.00
67	80.00
68	80.00
69	80.00
70	80.00
71	80.00
72	80.00
73	80.00
74	80.00
75	80.00
76	80.00
77	80.00
78	80.00
79	80.00
80	80.00
81	80.00
82	80.00
83	80.00
84	80.00
85	80.00
86	80.00
87	80.00
88	80.00
89	80.00
90	80.00
91	80.00
92	80.00
93	80.00
94	80.00
95	80.00
96	80.00
97	80.00
98	80.00
99	80.00
100	80.00
101	80.00
102	80.00
103	80.00
104	80.00
105	80.00
106	80.00
107	80.00
108	80.00
109	80.00
110	80.00
111	80.00
112	80.00
113	80.00
114	80.00
115	80.00
116	80.00
117	80.00
118	80.00
119	80.00
120	80.00
121	80.00
122	80.00
123	80.00
124	80.00
125	80.00
126	80.00
127	80.00
128	80.00
129	80.00
130	80.00
131	80.00
132	80.00
133	80.00
134	80.00
135	80.00
136	80.00
137	80.00
138	80.00
139	80.00
140	80.00
141	80.00
142	80.00
143	80.00
144	80.00
145	80.00
146	80.00
147	80.00
148	80.00
149	80.00
150	80.00
151	80.00
152	80.00
153	80.00
154	80.00
155	80.00
156	80.00
157	80.00
158	80.00
159	80.00
160	80.00
161	80.00
162	80.00
163	80.00
164	80.00
165	80.00
166	80.00
167	80.00
168	80.00
169	80.00
170	80.00
171	80.00
172	80.00
173	80.00
174	80.00
175	80.00
176	80.00
177	80.00
178	80.00
179	80.00
180	80.00
181	80.00
182	80.00
183	80.00
184	80.00
185	80.00
186	80.00
187	80.00
188	80.00
189	80.00
190	80.00
191	80.00
192	80.00
193	80.00
194	80.00
195	80.00
196	80.00
197	80.00
198	80.00
199	80.00
200	80.00
201	80.00
202	80.00
203	80.00
204	80.00
205	80.00
206	80.00
207	80.00
208	80.00
209	80.00
210	80.00
211	80.00
212	80.00
213	80.00
214	80.00
215	80.00
216	80.00
217	80.00
218	80.00
219	80.00
220	80.00
221	80.00
222	80.00
223	80.00
224	80.00
225	80.00
226	80.00
227	80.00
228	80.00
229	80.00
230	80.00
231	80.00
232	80.00
233	80.00
234	80.00
235	80.00
236	80.00
237	80.00
238	80.00
239	80.00
240	80.00
241	80.00
242	80.00
243	78.10
244	78.10
245	78.10
246	79.05
247	80.00
248	80.95
249	81.90
250	82.86
251	83.81
252	84.76
253	85.71
254	86.67
255	87.62
256	88.57
257	89.52
258	90.48
259	91.43
260	92.38
261	93.33
262	94.29
263	95.24
264	97.14
265	94.29
266	91.43
267	90.48
268	89.52
269	88.57
270	87.62
271	86.67
272	85.71
273	84.76
274	83.81
275	82.86
276	81.90
277	80.95
278	80.00
279	79.05
280	78.10
281	77.14
282	76.19
283	75.24
284	74.29
285	74.29
286	77.14
287	80.00
288	80.00
289	80.00
290	80.00
291	80.00
292	80.00
293	80.00
294	80.00
295	80.00
296	80.00
297	80.00
298	80.00
299	80.00
