11	36.19
12	37.14
13	38.10
14	39.05
15	40.00
16	40.95
17	41.90
18	42.86
19	43.81
20	44.76
21	45.71
22	46.67
23	47.62
24	48.57
25	49.52
26	50.48
27	51.43
28	52.38
29	53.33
30	54.29
31	57.14
32	60.00
33	60.00
34	60.00
35	60.00
36	60.00
37	60.00
38	60.00
39	60.00
40	60.00
41	60.00
42	60.00
43	60.00
44	60.00
45	60.00
46	60.00
47	60.00
48	60.00
49	60.00
50	60.00
51	60.00
52	60.00
53	60.00
54	60.00
55	60.00
56	60.00
57	60.00
58	60.00
59	60.00
60	60.00
61	60.00
62	60.00
63	60.00
64	60.00
65	60.00
66	60.00
67	60.00
68	60.00
69	60.00
70	60.00
71	60.00
72	60.00
73	60.00
74	60.00
75	60.00
76	60.00
77	60.00
78	60.00
79	60.00
80	60.00
81	60.95
82	61.90
83	62.86
84	63.81
85	64.76
86	65.71
87	66.67
88	67.62
89	68.57
90	69.52
91	70.48
92	71.43
93	72.38
94	73.33
95	74.29
96	75.24
97	76.19
98	77.14
99	78.10
100	79.05
101	78.10
102	76.19
103	74.29
