11	100.00
12	100.00
13	100.00
14	100.00
15	100.00
16	100.00
17	100.00
18	100.00
19	100.00
20	100.00
21	100.00
22	100.00
23	100.00
24	100.00
25	100.00
26	100.00
27	100.00
28	100.00
29	100.00
30	100.00
31	100.00
32	100.00
33	100.00
34	100.00
35	100.00
36	100.00
37	100.00
38	100.00
39	100.00
40	100.00
41	99.05
42	97.14
43	96.19
44	95.24
45	95.24
46	95.24
47	95.24
48	95.24
49	95.24
50	95.24
51	95.24
52	95.24
53	95.24
54	95.24
55	95.24
56	95.24
57	95.24
58	95.24
59	95.24
60	95.24
61	95.24
62	95.24
63	96.19
64	95.24
65	94.29
66	92.38
67	90.48
68	90.48
69	90.48
70	90.48
71	90.48
72	90.48
73	88.57
74	87.62
75	87.62
76	87.62
77	87.62
78	87.62
79	87.62
80	87.62
81	87.62
82	87.62
83	88.57
84	89.52
85	91.43
86	93.33
87	95.24
88	97.14
89	97.14
90	97.14
91	97.14
92	97.14
93	97.14
94	97.14
95	98.10
96	98.10
97	98.10
98	98.10
99	98.10
100	98.10
101	98.10
102	98.10
103	98.10
104	98.10
105	98.10
106	98.10
107	98.10
108	97.14
109	96.19
110	95.24
111	95.24
112	95.24
113	95.24
114	95.24
115	97.14
116	97.14
117	97.14
118	97.14
119	97.14
120	97.14
121	97.14
122	97.14
123	97.14
124	97.14
125	97.14
126	97.14
127	97.14
128	97.14
129	95.24
130	94.29
131	93.33
132	92.38
133	91.43
134	91.43
135	91.43
136	91.43
137	91.43
138	91.43
139	91.43
140	91.43
141	91.43
142	91.43
143	91.43
144	91.43
145	91.43
146	91.43
147	91.43
148	91.43
149	91.43
150	94.29
151	96.19
152	98.10
153	99.05
154	100.00
155	100.00
156	100.00
157	100.00
158	100.00
159	100.00
160	100.00
161	100.00
162	100.00
163	100.00
164	100.00
165	100.00
166	100.00
167	100.00
168	100.00
169	100.00
170	100.00
171	100.00
172	100.00
173	100.00
174	100.00
175	100.00
176	99.05
177	98.10
178	97.14
179	97.14
180	97.14
181	97.14
182	97.14
183	97.14
184	97.14
185	97.14
186	97.14
187	97.14
188	97.14
189	97.14
190	97.14
191	97.14
192	97.14
193	97.14
194	97.14
195	97.14
196	97.14
197	97.14
198	97.14
199	97.14
200	96.19
201	95.24
202	94.29
203	94.29
204	94.29
205	94.29
206	94.29
207	94.29
208	94.29
209	94.29
210	94.29
211	94.29
212	94.29
213	94.29
214	94.29
215	94.29
216	94.29
217	94.29
218	95.24
219	96.19
220	97.14
221	98.10
222	99.05
223	100.00
224	100.00
225	100.00
226	100.00
227	100.00
228	100.00
229	100.00
230	100.00
231	100.00
232	100.00
233	100.00
234	100.00
235	100.00
236	100.00
237	100.00
238	100.00
239	100.00
240	100.00
241	100.00
242	100.00
243	100.00
244	100.00
245	100.00
246	100.00
247	100.00
248	100.00
249	100.00
250	100.00
251	100.00
252	100.00
253	100.00
254	100.00
255	100.00
256	100.00
257	100.00
258	100.00
259	100.00
260	100.00
261	100.00
262	100.00
263	100.00
264	100.00
265	100.00
266	100.00
267	100.00
268	100.00
269	100.00
270	100.00
271	100.00
272	100.00
273	100.00
274	100.00
275	100.00
276	100.00
277	100.00
278	100.00
279	100.00
280	100.00
281	100.00
282	100.00
283	100.00
284	100.00
285	100.00
286	100.00
