10 1.316
11 1.618
12 1.460
13 1.256
14 1.038
15 0.797
16 0.655
17 1.517
18 2.491
19 3.404
20 4.454
21 5.647
22 6.884
23 7.872
24 8.874
25 9.452
26 9.707
27 10.343
28 11.182
29 10.974
30 10.656
31 11.224
32 10.508
33 10.694
34 10.574
35 10.457
36 9.949
37 9.699
38 10.127
39 9.623
40 9.312
41 9.609
42 8.480
43 8.364
44 8.180
45 7.571
46 6.530
47 6.884
48 8.094
49 8.255
50 8.698
51 9.295
52 9.021
53 8.644
54 8.857
55 8.394
56 7.236
57 6.975
58 6.717
59 6.773
60 6.041
61 6.003
62 5.911
63 6.038
64 6.754
65 7.041
66 6.827
67 6.305
68 7.154
69 6.984
70 7.246
71 7.945
72 8.494
73 8.019
74 7.809
75 8.741
76 7.852
77 7.927
78 8.268
79 8.077
80 7.685
81 6.625
82 6.201
83 5.244
84 4.741
85 4.771
86 4.887
87 4.147
88 4.669
89 4.848
90 4.368
91 4.716
92 4.417
93 4.703
94 4.819
95 5.055
96 6.311
97 6.479
98 6.851
99 6.901
100 7.457
101 7.729
102 7.380
103 7.242
104 6.228
105 6.698
106 7.525
107 7.773
108 8.193
109 8.511
110 7.842
111 8.141
112 7.297
113 6.472
114 7.052
115 7.231
116 7.039
117 6.927
118 6.448
119 6.517
120 6.081
121 6.455
122 7.250
123 7.215
124 7.380
125 8.120
126 8.134
127 9.247
128 9.641
129 10.235
130 10.623
131 9.973
132 10.656
133 10.548
134 9.927
135 9.544
136 10.011
137 10.393
138 9.738
139 9.319
140 8.889
141 7.737
142 7.757
143 7.862
144 7.703
145 8.627
146 8.588
147 8.447
148 8.616
149 8.539
150 8.727
151 8.826
152 8.177
153 7.989
154 8.521
155 7.444
156 6.793
157 6.923
158 6.864
159 6.986
160 7.975
161 8.269
162 8.628
163 8.379
164 7.868
165 8.342
166 9.142
167 8.883
168 8.479
169 8.087
170 7.344
171 6.769
172 7.487
173 7.839
174 8.838
175 8.735
176 8.968
177 9.610
178 9.647
179 9.795
180 9.849
181 9.487
182 10.145
183 10.995
184 11.178
185 10.675
186 11.291
187 11.918
188 12.407
189 12.452
190 12.653
191 11.644
192 10.902
193 10.105
194 10.453
195 10.209
196 10.144
197 10.624
198 9.832
199 9.882
200 10.309
201 9.845
202 9.784
203 10.048
204 10.239
205 9.973
206 9.790
207 9.718
208 9.947
209 10.568
210 10.714
211 10.439
212 10.223
213 9.421
214 8.154
215 6.804
216 6.168
217 6.391
218 6.374
219 7.315
220 8.950
221 10.048
222 10.588
223 11.112
224 11.961
225 12.349
226 12.528
227 11.949
228 11.287
229 11.028
230 10.589
231 10.022
232 9.673
233 9.563
234 9.482
235 8.891
236 9.193
237 9.022
238 8.895
239 8.812
240 8.237
241 8.602
242 9.008
243 8.580
244 8.537
245 7.835
246 7.731
247 7.882
248 8.801
249 8.822
250 9.404
251 9.973
252 10.356
253 10.767
254 11.044
255 10.254
256 10.046
257 10.061
258 9.625
259 9.752
260 9.105
261 8.701
262 8.720
263 8.670
264 8.688
265 8.339
266 7.604
267 7.301
268 7.120
269 7.349
270 7.472
271 8.128
272 8.385
273 9.467
274 10.087
275 9.960
276 9.592
277 10.304
278 10.017
279 10.542
280 10.628
281 10.044
282 9.753
283 9.653
284 9.673
285 9.677
286 9.000
287 9.296
288 8.750
289 9.272
290 8.728
291 8.484
292 8.069
293 8.185
294 8.910
295 10.258
296 10.450
297 10.948
298 10.347
299 9.697
300 9.004
301 8.568
302 8.163
303 7.817
304 7.309
305 7.495
306 7.286
307 7.285
308 7.649
309 7.928
310 8.532
311 9.451
312 10.012
313 10.066
314 9.888
315 9.842
316 9.955
317 10.278
318 10.868
319 11.621
320 12.101
321 13.091
322 13.721
323 14.666
324 14.610
325 14.522
326 14.731
327 13.541
328 13.038
329 12.763
330 12.084
331 11.450
332 11.420
333 11.045
334 10.803
335 10.463
336 9.391
337 8.609
338 8.059
339 8.023
340 6.869
341 7.067
342 6.708
343 7.504
344 7.876
345 8.003
346 8.882
347 8.951
348 8.821
349 9.299
350 9.171
351 9.034
352 9.821
353 9.502
354 8.986
355 9.743
356 9.526
357 9.525
358 9.680
359 10.525
360 9.736
361 10.136
362 9.267
363 8.537
364 8.420
365 7.583
366 7.257
367 6.323
368 5.530
369 5.848
370 5.651
371 5.497
372 5.305
373 5.521
374 6.174
375 6.771
376 7.179
377 7.614
378 7.113
379 8.018
380 8.082
381 9.000
382 10.141
383 9.673
384 10.333
385 10.387
386 10.442
387 10.704
388 10.400
389 9.974
390 10.026
391 11.215
392 11.214
393 10.764
394 11.096
395 10.159
396 9.198
397 8.724
398 7.707
399 7.043
400 6.074
401 4.733
402 4.950
403 4.499
404 4.808
405 5.045
406 4.969
407 5.669
408 5.902
409 6.921
410 7.000
411 7.607
412 8.748
413 9.719
414 9.978
415 10.740
416 10.589
417 10.039
418 8.891
419 8.687
420 8.391
421 7.490
422 7.121
423 7.274
424 8.246
425 9.124
426 10.191
427 11.089
428 11.258
429 11.061
430 11.176
431 9.976
432 8.984
433 9.134
434 7.412
435 7.392
436 6.791
437 6.198
438 5.565
439 4.794
440 4.647
441 3.772
442 3.253
443 3.062
444 2.580
445 2.768
446 4.295
447 4.400
448 5.643
449 6.827
450 7.860
451 8.694
452 8.815
453 9.193
454 8.337
455 8.523
456 8.614
457 8.470
458 8.738
459 8.834
460 8.568
461 8.340
462 7.829
463 8.107
464 8.272
465 7.999
466 8.162
467 8.296
468 7.845
469 7.788
470 7.646
471 7.568
472 7.590
473 8.224
474 7.940
475 7.923
476 7.830
477 8.247
478 7.983
479 8.635
480 9.131
481 9.168
482 8.962
483 8.671
484 9.360
485 9.522
486 9.257
487 10.229
488 10.714
489 10.912
490 11.348
491 12.017
492 11.727
493 11.731
494 11.731
495 11.875
496 11.158
497 10.833
498 11.427
499 11.066
500 10.770
501 10.517
502 10.166
503 9.397
504 9.459
505 9.177
506 8.086
507 6.994
508 6.784
509 7.177
510 7.490
511 7.998
512 8.215
513 8.623
514 8.402
515 8.823
516 9.680
517 9.467
518 9.935
519 11.194
520 11.390
521 11.198
522 10.654
523 10.210
524 9.576
525 9.872
526 10.218
527 10.043
528 10.318
529 10.307
530 10.152
531 10.989
532 10.495
533 10.238
534 10.607
535 10.442
536 10.842
537 10.886
538 10.248
539 10.898
540 10.119
541 9.997
542 10.474
543 11.181
544 11.000
545 12.021
546 12.232
547 11.743
548 11.863
549 11.521
550 10.941
551 11.245
552 11.847
553 10.902
554 10.085
555 10.000
556 10.151
557 10.225
558 9.772
559 10.781
560 10.683
561 10.017
562 9.473
563 8.964
564 8.301
565 8.147
566 8.382
567 8.083
568 8.330
569 8.592
570 8.383
571 7.849
572 8.755
573 9.596
574 9.400
575 9.781
576 9.531
577 9.042
578 8.590
579 8.885
580 9.199
581 9.696
582 9.729
583 9.353
584 9.486
585 9.205
586 8.713
587 8.680
588 8.030
589 8.449
590 8.519
591 8.072
592 8.368
593 8.794
594 8.806
595 9.534
596 9.459
597 8.552
598 7.986
599 6.907
600 6.172
601 6.001
602 6.102
603 6.776
604 7.386
605 8.232
606 9.085
607 9.520
608 9.394
609 9.989
610 9.436
611 8.666
612 8.108
613 7.653
614 7.125
615 6.831
616 6.971
617 6.819
618 7.201
619 7.499
620 8.195
621 8.991
622 9.480
623 10.231
624 9.677
625 9.404
626 9.577
627 9.685
628 9.001
629 8.975
630 8.805
631 7.726
632 6.800
633 6.259
634 5.825
635 5.928
636 6.198
637 5.537
638 5.276
639 5.451
640 5.333
641 5.267
642 5.526
643 6.484
644 6.913
645 7.209
646 7.905
647 9.292
648 10.206
649 10.792
650 11.676
651 12.216
652 12.269
653 12.414
654 11.723
655 11.871
656 12.512
657 12.109
658 11.738
659 10.865
660 10.317
661 9.679
662 9.076
663 8.974
664 9.069
665 8.252
666 7.234
667 7.160
668 6.995
669 7.117
670 6.539
671 6.701
672 6.404
673 6.582
674 5.820
675 5.262
676 5.039
677 5.136
678 6.100
679 6.635
680 6.794
681 7.482
682 7.039
683 6.316
684 6.740
685 7.218
686 6.532
687 6.332
688 5.862
689 6.013
690 5.410
691 5.787
692 5.500
693 5.914
694 5.666
695 5.058
696 5.369
