10 -0.097
11 -0.315
12 -1.169
13 -0.948
14 0.103
15 0.776
16 1.774
17 2.405
18 2.857
19 3.251
20 3.710
21 3.891
22 4.673
23 5.078
24 5.907
25 6.215
26 5.810
27 5.381
28 5.094
29 5.614
30 5.138
31 5.931
32 5.750
33 5.524
34 6.050
35 5.871
36 6.034
37 5.905
38 6.104
39 5.791
40 6.054
41 6.002
42 6.086
43 5.957
44 6.495
45 7.222
46 8.403
47 8.892
48 8.902
49 9.241
50 9.101
51 9.059
52 8.922
53 7.854
54 8.122
55 8.382
56 8.722
57 8.764
58 8.801
59 8.483
60 9.021
61 10.046
62 9.972
63 10.225
64 11.076
65 10.364
66 10.388
67 9.903
68 10.791
69 10.746
70 11.146
71 11.750
72 11.833
73 11.077
74 10.756
75 10.055
76 8.632
77 8.069
78 8.152
79 7.406
80 7.110
81 7.487
82 7.544
83 7.396
84 8.130
85 8.822
86 9.378
87 9.321
88 8.805
89 9.160
90 8.712
91 8.811
92 9.058
93 8.721
94 8.419
95 9.159
96 9.718
97 9.245
98 8.841
99 8.043
100 7.305
101 7.305
102 6.701
103 5.747
104 5.561
105 5.662
106 5.541
107 5.744
108 5.258
109 5.947
110 6.928
111 6.960
112 7.303
113 7.925
114 7.532
115 7.650
116 7.827
117 8.250
118 8.095
119 8.423
120 7.851
121 8.492
122 9.258
123 9.835
124 10.347
125 10.816
126 10.982
127 10.982
128 10.343
129 9.504
130 9.213
131 8.809
132 7.854
133 7.768
134 6.691
135 6.609
136 6.793
137 6.656
138 6.041
139 6.305
140 6.471
141 5.972
142 6.164
143 6.377
144 6.578
145 6.970
146 7.674
147 7.531
148 7.981
149 7.929
150 8.706
151 9.248
152 9.387
153 9.856
154 9.750
155 10.031
156 11.493
157 12.710
158 12.952
159 12.560
160 13.390
161 12.924
162 13.009
163 12.651
164 12.706
165 12.038
166 11.527
167 11.200
168 10.796
169 10.237
170 10.406
171 9.823
172 9.239
173 9.255
174 8.650
175 7.772
176 7.247
177 7.347
178 7.388
179 7.073
180 7.218
181 7.258
182 7.884
183 7.940
184 7.698
185 8.005
186 7.907
187 8.290
188 7.816
189 7.812
190 7.883
191 8.444
192 8.477
193 9.438
194 9.775
195 10.203
196 11.142
197 11.319
198 11.150
199 11.047
200 10.486
201 9.826
202 9.194
203 9.306
204 9.709
205 9.059
206 8.560
207 8.687
208 8.920
209 9.223
210 9.136
211 9.757
212 9.622
213 10.285
214 9.914
215 9.465
216 9.751
217 10.004
218 10.670
219 11.258
220 10.674
221 11.259
222 11.491
223 10.865
224 11.156
225 10.859
226 10.334
227 10.474
228 10.483
229 9.520
230 8.091
231 7.224
232 5.665
233 4.241
234 2.759
235 1.600
236 1.172
237 -0.072
238 -0.827
239 -1.113
240 -1.956
241 -1.863
242 -2.005
243 -2.114
244 -1.600
245 -1.749
246 -1.989
247 -1.822
248 -0.909
249 -0.072
250 1.033
251 1.948
252 2.991
253 3.729
254 4.946
255 5.343
256 5.849
257 6.415
258 6.942
259 7.343
260 7.011
261 7.648
262 7.717
263 7.281
264 8.179
265 8.901
266 8.679
267 8.447
268 9.005
269 8.581
270 9.118
271 9.707
272 9.850
273 9.438
274 8.633
275 8.989
276 8.961
277 8.467
278 8.069
279 7.916
280 8.028
281 8.432
282 9.482
283 10.153
284 10.220
285 10.897
286 11.992
287 10.988
288 11.536
289 11.154
290 10.462
291 9.737
292 9.156
293 9.171
294 9.160
295 8.993
296 10.073
297 10.671
298 10.878
299 11.062
300 11.846
301 11.862
302 11.916
303 11.568
304 11.514
305 10.925
306 11.780
307 10.687
308 10.412
309 10.612
310 10.453
311 10.395
312 10.191
313 10.237
314 10.073
315 10.136
316 10.193
317 10.042
318 9.418
319 9.450
320 9.548
321 9.761
322 10.452
323 11.563
324 12.569
325 12.488
326 13.591
327 13.622
328 13.539
329 13.693
330 13.384
331 13.562
332 12.422
333 12.468
334 11.259
335 11.214
336 11.510
337 12.040
338 11.609
339 10.671
340 10.688
341 10.916
342 10.396
343 10.374
344 10.249
345 9.621
346 9.758
347 9.369
348 9.224
349 8.893
350 8.039
351 7.977
352 6.719
353 6.468
354 5.557
355 5.197
356 4.915
357 4.587
358 5.365
359 4.929
360 4.664
361 4.648
362 4.449
