10 8.861
11 9.141
12 9.339
13 9.054
14 9.861
15 9.030
16 9.684
17 9.363
18 9.513
19 9.381
20 8.803
21 7.731
22 5.931
23 4.561
24 2.950
25 1.964
26 0.915
27 0.285
28 0.112
29 -0.707
30 -1.286
31 -1.522
32 -1.750
33 -2.367
34 -2.181
35 -1.709
36 -1.230
37 -1.558
38 -1.376
39 -0.793
40 0.447
41 1.541
42 3.024
43 5.032
44 6.740
45 8.351
46 9.102
47 9.419
48 9.521
49 9.454
50 8.657
51 8.703
52 9.188
53 9.374
54 9.368
55 9.303
56 9.797
57 9.874
58 9.454
59 8.790
60 8.824
61 7.790
62 7.008
63 7.125
64 6.690
65 7.297
66 7.938
67 8.724
68 8.821
69 9.019
70 9.289
71 8.542
72 8.862
73 8.964
74 10.074
75 10.501
76 10.649
77 10.423
78 10.626
79 10.246
80 9.821
81 10.029
82 9.721
83 9.968
84 9.349
85 8.838
86 8.378
87 8.531
88 9.045
89 8.795
90 8.556
91 8.436
92 8.042
93 7.236
94 7.390
95 8.429
96 9.172
97 8.951
98 9.673
99 10.667
100 10.469
101 10.582
102 11.205
103 11.460
104 11.866
105 11.606
106 11.885
107 11.229
108 10.838
109 11.253
110 10.334
111 10.572
112 10.500
113 9.435
114 8.097
115 7.291
116 6.742
117 6.037
118 5.311
119 5.322
120 5.607
121 5.797
122 6.070
123 6.138
124 7.208
125 7.620
126 7.984
127 8.384
128 8.764
129 8.772
130 8.491
131 8.204
132 8.719
133 9.186
134 9.304
135 9.553
136 8.816
137 9.387
138 10.072
139 10.021
140 9.480
141 9.349
142 9.406
143 8.112
144 6.847
145 6.555
146 6.597
147 6.199
148 5.920
149 5.617
150 5.374
151 4.867
152 5.153
153 6.292
154 6.193
155 7.112
156 6.737
157 6.763
158 6.907
159 7.063
160 7.982
161 7.478
162 7.741
163 8.195
164 8.115
165 8.269
166 8.780
167 9.519
168 9.798
169 10.475
170 11.069
171 11.080
172 11.421
173 12.926
174 13.281
175 14.130
176 14.212
177 14.505
178 14.507
179 13.382
180 12.349
181 10.968
182 9.679
183 8.965
184 8.610
185 8.076
186 8.299
187 8.049
188 7.929
189 8.414
190 8.832
191 8.947
192 8.725
193 8.674
194 8.334
195 8.192
196 8.259
197 7.788
198 7.482
199 6.634
200 6.606
201 6.547
202 6.561
203 6.127
204 6.420
205 6.618
206 6.859
207 6.709
208 6.737
209 7.509
210 8.688
211 9.761
212 9.897
213 10.167
214 10.699
215 10.756
216 10.755
217 11.077
218 11.048
219 10.898
220 10.748
221 9.691
222 9.704
223 9.429
224 9.384
225 9.517
226 9.650
227 10.055
228 10.145
229 9.780
230 10.694
231 11.041
232 11.330
233 10.981
234 10.312
235 10.639
236 9.925
237 9.947
238 8.982
239 8.501
240 8.833
241 8.578
242 8.122
243 7.935
244 7.940
245 8.524
246 9.295
247 10.391
248 11.853
249 12.156
250 12.552
251 13.184
252 13.550
253 12.930
254 12.826
255 12.545
256 11.900
257 11.471
258 10.979
259 10.514
260 9.922
261 10.242
262 9.500
263 10.171
264 9.797
265 9.718
266 9.330
267 9.128
268 9.702
269 9.683
270 9.181
271 8.255
272 8.961
273 8.578
274 8.865
275 9.119
276 9.446
277 10.214
278 10.520
279 10.905
280 10.830
281 11.633
282 11.281
283 11.692
284 11.540
285 11.680
286 11.572
287 11.228
288 11.483
289 11.856
290 12.291
291 11.651
