10 5.218
11 4.797
12 4.049
13 3.530
14 2.404
15 1.225
16 0.240
17 0.191
18 0.628
19 -0.316
20 -0.347
21 -0.745
22 -1.134
23 -1.315
24 -0.871
25 -0.675
26 -0.678
27 -0.991
28 -1.454
29 -2.431
30 -1.785
31 -1.214
32 -0.611
33 0.413
34 0.668
35 1.664
36 2.224
37 2.184
38 2.987
39 3.568
40 3.580
41 3.484
42 3.194
43 2.488
44 2.819
45 2.505
46 2.747
47 2.786
48 2.490
49 2.279
50 2.368
51 2.537
52 2.293
53 2.942
54 3.260
55 3.501
56 4.294
57 4.302
58 3.626
59 3.738
60 3.378
61 3.610
62 3.062
63 2.300
64 1.846
65 0.791
66 1.132
67 1.243
68 0.713
69 0.791
70 0.802
71 0.898
72 1.068
73 2.032
74 1.462
75 1.498
76 1.946
77 2.321
78 2.536
79 3.430
80 3.199
81 3.655
82 3.605
83 4.377
84 4.686
85 3.818
86 2.947
87 1.934
88 0.648
89 -0.152
90 -0.345
91 -0.969
92 -1.415
93 -1.273
94 -1.252
95 -1.534
96 -0.930
97 -0.664
98 -1.055
99 -0.575
100 -0.078
101 0.213
102 0.539
103 0.617
104 1.107
105 1.915
106 2.034
107 3.504
108 4.384
109 5.296
110 5.531
111 5.672
112 6.775
113 7.338
114 8.142
115 9.224
116 10.188
117 11.061
118 11.273
119 11.555
120 11.632
121 10.861
122 10.856
123 10.591
124 10.423
125 11.225
126 11.716
127 12.720
128 12.484
129 12.775
130 12.597
131 12.648
132 12.934
133 12.947
134 11.743
135 11.448
136 11.049
137 10.889
138 11.140
139 10.888
140 11.667
141 11.287
142 11.262
143 10.394
144 9.708
145 9.314
146 8.107
147 8.240
148 7.799
149 7.944
150 7.690
151 7.374
152 7.155
153 7.055
154 7.415
155 7.817
156 7.807
157 7.555
158 7.431
159 6.715
160 6.986
161 7.266
162 7.221
163 7.127
164 7.336
165 7.455
166 7.230
167 7.345
168 7.013
169 7.146
170 6.824
171 7.377
172 7.820
173 7.567
174 8.501
175 8.761
176 9.154
177 9.330
178 9.106
179 8.878
180 8.665
181 8.682
182 8.348
183 7.921
184 7.558
185 7.270
186 7.581
187 7.730
188 7.487
189 7.198
190 7.387
191 7.968
192 7.787
193 7.675
194 7.962
195 7.078
196 7.101
197 7.575
198 6.456
199 6.179
200 6.068
201 6.632
202 6.871
203 7.654
204 7.808
205 7.634
206 8.128
207 8.351
208 8.942
209 8.585
210 8.227
211 8.943
212 8.168
213 8.343
214 8.689
215 8.336
216 7.428
217 7.253
218 6.853
219 7.215
220 7.284
221 7.574
222 7.370
223 7.887
224 8.635
225 8.420
226 9.452
227 9.871
228 9.703
229 9.108
230 9.211
231 9.710
232 9.640
233 9.330
234 8.990
235 9.727
236 9.772
237 9.531
238 8.903
239 7.933
240 7.254
241 6.009
242 5.017
243 3.898
244 3.829
245 2.593
246 1.640
247 2.173
248 2.000
249 1.786
250 0.807
251 0.197
252 0.731
253 0.730
254 1.136
255 1.398
256 1.364
257 0.856
258 0.934
259 0.875
260 1.573
261 0.929
262 1.507
263 2.049
264 2.996
265 3.778
266 4.595
267 5.743
268 5.784
269 6.466
270 6.780
271 6.805
272 7.131
