10 10.949
11 11.138
12 10.477
13 10.123
14 10.498
15 10.600
16 10.954
17 11.374
18 11.085
19 10.916
20 11.831
21 11.761
22 12.199
23 12.239
24 12.465
25 12.227
26 12.323
27 12.352
28 13.134
29 12.360
30 11.865
31 11.613
32 11.151
33 10.252
34 10.160
35 9.245
36 8.679
37 8.526
38 8.177
39 6.854
40 6.074
41 5.583
42 4.004
43 2.349
44 1.258
45 -0.177
46 -1.216
47 -2.034
48 -2.534
49 -2.253
50 -2.512
51 -3.353
52 -3.434
53 -3.049
54 -2.573
55 -2.490
56 -1.391
57 -1.234
58 -0.611
59 -0.443
60 0.215
61 0.987
62 2.223
63 2.907
64 4.047
65 4.864
66 5.173
67 6.827
68 7.428
69 7.899
70 9.264
71 10.569
72 10.540
73 11.129
74 12.209
75 12.459
76 12.178
77 12.413
78 12.478
79 12.435
80 12.171
81 11.823
82 11.224
83 11.227
84 10.767
85 10.758
86 10.296
87 10.288
88 10.176
89 9.941
90 8.633
91 8.472
92 8.324
93 7.795
94 6.870
95 7.281
96 7.712
97 7.588
98 7.633
99 8.196
100 8.303
101 8.873
102 9.367
103 10.072
104 10.055
105 9.575
106 8.760
107 8.602
108 7.324
109 7.035
110 6.412
111 6.180
112 5.781
113 5.867
114 6.362
115 6.157
116 7.471
117 8.407
118 9.742
119 10.668
120 11.475
121 11.207
122 11.549
123 12.104
124 12.215
125 12.856
126 12.741
127 13.260
128 13.018
129 12.682
130 11.522
131 12.307
132 12.566
133 12.914
134 13.338
135 12.813
136 12.265
137 10.907
138 9.136
139 8.515
140 8.645
141 8.481
142 8.017
143 8.539
144 8.075
145 8.020
146 8.617
147 9.770
148 10.339
149 10.734
150 10.263
151 9.992
152 9.590
153 9.427
154 9.478
155 9.873
156 10.215
157 10.092
158 9.558
159 8.390
160 7.314
161 7.334
162 6.502
163 6.951
164 7.651
165 7.465
166 7.660
167 7.628
168 7.488
169 8.716
170 8.873
171 9.027
172 9.438
173 9.856
174 9.709
175 9.679
176 9.678
177 9.541
178 9.772
179 10.352
180 10.034
181 10.051
182 9.444
183 9.664
184 9.375
185 9.339
186 9.866
187 10.810
188 10.210
189 10.378
190 10.522
191 9.875
192 9.253
193 8.950
194 8.328
195 8.270
196 8.177
197 9.084
198 9.719
199 10.345
200 10.798
201 11.860
202 11.885
203 12.360
204 11.618
205 10.286
206 8.683
207 7.383
208 6.613
209 6.627
210 6.576
211 7.041
212 7.438
213 7.433
214 8.244
215 9.403
216 9.444
217 9.088
218 9.180
219 9.441
220 8.357
221 7.728
222 8.042
223 8.061
224 7.951
225 7.682
226 7.483
227 7.740
228 7.144
229 7.085
230 7.423
231 7.161
232 7.634
233 7.046
234 6.538
235 6.755
236 6.986
237 7.314
238 7.258
239 7.669
240 8.652
241 8.655
242 8.955
243 9.441
244 10.223
245 10.608
246 9.935
247 10.232
248 9.442
249 8.562
250 8.592
251 8.445
252 8.190
253 7.399
254 7.002
255 7.722
256 7.836
