11	96.19
12	96.19
13	96.19
14	96.19
15	96.19
16	96.19
17	96.19
18	96.19
19	96.19
20	96.19
21	96.19
22	96.19
23	96.19
24	97.14
25	95.24
26	93.33
27	91.43
28	89.52
29	89.52
30	89.52
31	89.52
32	89.52
33	89.52
34	89.52
35	89.52
36	89.52
37	89.52
38	89.52
39	89.52
40	89.52
41	89.52
42	89.52
43	89.52
44	89.52
45	89.52
46	91.43
47	91.43
48	94.29
49	96.19
50	96.19
51	96.19
52	96.19
53	96.19
54	96.19
55	96.19
56	96.19
57	96.19
58	96.19
59	96.19
60	96.19
61	96.19
62	96.19
63	96.19
64	96.19
65	96.19
66	96.19
67	97.14
68	99.05
69	98.10
70	97.14
71	97.14
72	97.14
73	97.14
74	96.19
75	94.29
76	93.33
77	93.33
78	93.33
79	93.33
80	93.33
81	93.33
82	93.33
83	93.33
84	93.33
85	93.33
86	93.33
87	93.33
88	93.33
89	94.29
90	95.24
91	96.19
92	96.19
93	96.19
94	96.19
95	96.19
96	96.19
97	95.24
98	93.33
99	92.38
100	91.43
101	91.43
102	91.43
103	91.43
104	91.43
105	91.43
106	91.43
107	91.43
108	91.43
109	91.43
110	91.43
111	91.43
112	91.43
113	91.43
114	91.43
115	91.43
116	92.38
117	94.29
118	96.19
119	98.10
120	99.05
121	100.00
122	100.00
123	100.00
124	100.00
125	100.00
126	100.00
127	100.00
128	100.00
129	100.00
130	100.00
131	100.00
132	100.00
133	100.00
134	100.00
135	100.00
136	100.00
137	100.00
138	100.00
139	100.00
140	100.00
141	100.00
142	100.00
143	100.00
144	100.00
145	100.00
146	100.00
147	100.00
148	100.00
149	100.00
150	100.00
151	100.00
152	100.00
153	100.00
154	100.00
155	100.00
156	100.00
157	100.00
158	100.00
159	100.00
160	100.00
161	100.00
162	100.00
163	100.00
164	100.00
165	100.00
166	100.00
167	100.00
168	100.00
169	100.00
170	100.00
171	100.00
172	100.00
173	100.00
174	100.00
175	100.00
176	100.00
177	100.00
178	100.00
179	100.00
180	100.00
181	100.00
182	100.00
183	100.00
184	100.00
185	100.00
186	100.00
187	100.00
188	100.00
189	100.00
190	100.00
191	100.00
192	100.00
193	100.00
194	100.00
195	100.00
196	100.00
197	100.00
198	100.00
199	100.00
200	100.00
201	100.00
202	100.00
203	100.00
204	100.00
205	100.00
206	100.00
207	100.00
208	100.00
209	100.00
210	100.00
211	100.00
212	100.00
213	100.00
214	100.00
215	100.00
216	100.00
217	100.00
218	100.00
219	100.00
220	100.00
221	100.00
222	100.00
223	100.00
224	100.00
225	100.00
226	100.00
227	100.00
228	100.00
229	100.00
230	100.00
231	100.00
232	99.05
233	98.10
234	97.14
235	96.19
236	95.24
237	95.24
238	95.24
239	95.24
240	95.24
241	95.24
242	95.24
243	95.24
244	95.24
245	95.24
246	95.24
247	95.24
248	95.24
249	95.24
250	95.24
251	95.24
252	95.24
253	96.19
254	94.29
255	92.38
256	90.48
257	89.52
258	89.52
259	89.52
260	89.52
261	89.52
262	89.52
263	89.52
264	89.52
265	89.52
266	89.52
267	89.52
268	89.52
269	89.52
270	89.52
