11	60.00
12	60.00
13	60.00
14	60.00
15	59.05
16	60.00
17	61.90
18	63.81
19	65.71
20	67.62
21	69.52
22	71.43
23	73.33
24	75.24
25	77.14
26	79.05
27	80.95
28	82.86
29	84.76
30	86.67
31	88.57
32	90.48
33	92.38
34	94.29
35	96.19
36	99.05
37	100.00
38	100.00
39	100.00
40	100.00
41	100.00
42	100.00
43	100.00
44	100.00
45	100.00
46	100.00
47	100.00
48	100.00
49	100.00
50	100.00
51	100.00
52	100.00
53	100.00
54	100.00
55	100.00
56	100.00
57	100.00
58	100.00
59	100.00
60	100.00
61	100.00
62	100.00
63	100.00
64	100.00
65	100.00
66	100.00
67	100.00
68	100.00
69	100.00
70	100.00
71	100.00
72	100.00
73	100.00
74	100.00
75	100.00
76	100.00
77	100.00
78	100.00
79	100.00
80	100.00
81	100.00
82	100.00
83	100.00
84	100.00
85	100.00
86	100.00
87	100.00
88	100.00
89	100.00
90	100.00
91	100.00
92	100.00
93	100.00
94	100.00
95	100.00
96	100.00
97	100.00
98	100.00
99	100.00
100	100.00
101	100.00
102	100.00
103	100.00
104	100.00
105	100.00
106	100.00
107	100.00
108	100.00
109	100.00
110	100.00
111	100.00
112	100.00
113	100.00
114	100.00
115	100.00
116	100.00
117	100.00
118	100.00
119	100.00
120	100.00
121	100.00
122	100.00
123	100.00
124	100.00
125	100.00
126	100.00
127	100.00
128	100.00
129	100.00
130	100.00
131	100.00
132	100.00
133	100.00
134	100.00
135	100.00
136	100.00
137	100.00
138	100.00
139	100.00
140	100.00
141	100.00
142	100.00
143	100.00
144	100.00
145	100.00
146	100.00
147	100.00
148	100.00
149	100.00
150	100.00
151	100.00
152	100.00
153	100.00
154	100.00
155	100.00
156	100.00
157	100.00
158	100.00
159	100.00
160	100.00
161	100.00
162	100.00
163	100.00
164	100.00
165	100.00
166	100.00
167	100.00
168	100.00
169	100.00
170	100.00
171	100.00
172	100.00
173	100.00
174	100.00
175	100.00
176	100.00
177	100.00
178	100.00
179	100.00
180	100.00
181	100.00
182	100.00
183	100.00
184	100.00
185	100.00
186	100.00
187	100.00
188	100.00
189	100.00
190	100.00
191	100.00
192	100.00
193	100.00
194	100.00
195	100.00
196	100.00
197	100.00
198	100.00
199	100.00
200	100.00
201	100.00
202	100.00
203	100.00
204	100.00
205	100.00
206	100.00
207	100.00
208	100.00
209	100.00
210	100.00
211	100.00
212	100.00
213	100.00
214	100.00
215	100.00
216	100.00
217	100.00
218	100.00
219	100.00
220	100.00
221	100.00
222	100.00
223	100.00
224	100.00
225	100.00
226	100.00
227	100.00
228	100.00
229	100.00
230	100.00
231	100.00
232	100.00
233	100.00
234	100.00
235	100.00
236	100.00
237	100.00
238	100.00
239	100.00
240	100.00
241	100.00
242	100.00
243	100.00
244	100.00
245	100.00
246	100.00
247	100.00
248	100.00
249	100.00
250	100.00
251	100.00
252	100.00
253	100.00
254	100.00
255	100.00
256	100.00
257	100.00
258	100.00
259	100.00
260	100.00
261	100.00
262	100.00
263	100.00
264	100.00
265	100.00
266	100.00
267	100.00
268	100.00
269	100.00
270	100.00
271	100.00
272	100.00
273	100.00
274	100.00
275	100.00
276	100.00
277	100.00
278	100.00
279	100.00
280	100.00
281	100.00
282	100.00
283	100.00
284	100.00
285	100.00
286	100.00
287	100.00
288	100.00
289	100.00
290	100.00
291	100.00
292	100.00
293	100.00
294	100.00
295	100.00
296	100.00
297	100.00
298	100.00
299	100.00
300	100.00
301	100.00
302	100.00
303	100.00
304	100.00
305	100.00
306	100.00
307	100.00
308	100.00
309	100.00
310	100.00
311	100.00
312	100.00
313	100.00
314	100.00
315	100.00
316	100.00
317	100.00
318	100.00
319	100.00
320	100.00
321	100.00
322	100.00
323	100.00
324	100.00
325	100.00
326	100.00
327	100.00
328	100.00
329	100.00
330	100.00
331	100.00
332	100.00
333	100.00
334	100.00
335	100.00
336	100.00
337	100.00
338	100.00
339	100.00
340	100.00
341	100.00
342	100.00
343	100.00
344	100.00
345	100.00
346	100.00
347	100.00
348	100.00
349	100.00
350	100.00
351	100.00
352	100.00
353	100.00
354	100.00
355	100.00
356	100.00
357	100.00
358	100.00
359	100.00
360	100.00
361	100.00
362	100.00
363	100.00
364	100.00
365	100.00
366	100.00
367	100.00
368	100.00
369	100.00
370	100.00
371	100.00
372	100.00
373	100.00
374	100.00
375	100.00
376	100.00
377	100.00
378	100.00
379	100.00
380	100.00
381	100.00
382	100.00
383	100.00
384	100.00
385	100.00
386	100.00
387	99.05
388	98.10
389	97.14
390	97.14
391	97.14
392	97.14
393	97.14
394	97.14
395	97.14
396	97.14
397	97.14
398	97.14
399	97.14
400	97.14
401	97.14
402	97.14
403	97.14
404	97.14
405	97.14
406	97.14
407	97.14
408	95.24
409	93.33
410	91.43
411	90.48
412	90.48
413	90.48
414	90.48
415	90.48
416	90.48
417	90.48
418	90.48
419	90.48
420	90.48
421	90.48
422	90.48
423	90.48
424	90.48
425	90.48
426	90.48
427	90.48
428	90.48
429	93.33
430	96.19
431	99.05
432	100.00
433	100.00
434	100.00
435	100.00
436	100.00
437	100.00
438	100.00
439	100.00
440	100.00
441	100.00
442	100.00
443	100.00
444	100.00
445	100.00
446	100.00
447	100.00
