11	55.24
12	55.24
13	55.24
14	55.24
15	55.24
16	55.24
17	55.24
18	55.24
19	55.24
20	55.24
21	55.24
22	55.24
23	55.24
24	55.24
25	55.24
26	55.24
27	55.24
28	55.24
29	55.24
30	55.24
31	57.14
32	60.00
33	60.00
34	60.00
35	60.00
36	60.00
37	60.00
38	60.00
39	60.00
40	60.00
41	60.00
42	60.00
43	60.00
44	60.00
45	60.00
46	60.00
47	60.00
48	60.00
49	60.00
50	60.00
51	60.00
52	60.00
53	60.00
54	60.00
55	60.00
56	60.00
57	60.00
58	60.00
59	60.00
60	60.00
61	60.00
62	60.00
63	60.00
64	60.00
65	60.00
66	60.00
67	60.00
68	60.00
69	60.00
70	60.00
71	60.00
72	60.00
73	60.00
74	60.00
75	60.00
76	60.00
77	60.00
78	60.00
79	60.00
80	60.00
81	60.00
82	60.00
83	60.00
84	60.00
85	60.00
86	60.00
87	60.00
88	60.00
89	60.00
90	60.00
91	60.00
92	60.00
93	60.00
94	60.00
95	60.00
96	60.00
97	60.00
98	60.00
99	60.00
100	60.00
101	60.00
102	60.00
103	60.00
104	60.00
105	60.00
106	60.00
107	60.00
108	60.00
109	60.00
110	60.00
111	60.00
112	60.00
113	60.00
114	60.00
115	60.00
116	60.00
117	60.00
118	60.00
119	60.00
120	60.00
121	60.00
122	60.00
123	60.00
124	60.00
125	60.00
126	60.00
127	60.00
128	60.00
129	60.00
130	60.00
131	60.00
132	60.00
133	60.00
134	60.00
135	60.00
136	60.00
137	60.00
138	60.00
139	60.00
140	60.00
141	60.00
142	60.00
143	60.00
144	60.00
145	60.00
146	60.00
147	60.00
148	60.00
149	60.00
