11	60.00
12	60.00
13	60.00
14	60.00
15	60.00
16	60.00
17	60.00
18	60.00
19	59.05
20	58.10
21	60.00
22	61.90
23	63.81
24	65.71
25	67.62
26	69.52
27	71.43
28	73.33
29	75.24
30	77.14
31	79.05
32	80.95
33	82.86
34	84.76
35	86.67
36	88.57
37	90.48
38	92.38
39	94.29
40	97.14
41	100.00
42	100.00
43	100.00
44	100.00
45	100.00
46	100.00
47	100.00
48	100.00
49	100.00
50	100.00
51	100.00
52	100.00
53	100.00
54	100.00
55	100.00
56	100.00
57	100.00
58	100.00
59	100.00
60	100.00
61	100.00
62	100.00
63	100.00
64	100.00
65	100.00
66	100.00
67	100.00
68	100.00
69	100.00
70	100.00
71	100.00
72	100.00
73	100.00
74	100.00
75	100.00
76	100.00
77	100.00
78	100.00
79	100.00
80	100.00
81	100.00
82	100.00
83	100.00
84	100.00
85	100.00
86	100.00
87	100.00
88	100.00
89	100.00
90	100.00
91	100.00
92	100.00
93	100.00
94	100.00
95	100.00
96	100.00
97	100.00
98	100.00
99	100.00
100	100.00
101	100.00
102	100.00
103	100.00
104	100.00
105	100.00
106	100.00
107	100.00
108	100.00
109	100.00
110	100.00
111	100.00
112	100.00
113	100.00
114	100.00
115	100.00
116	100.00
117	100.00
118	100.00
119	100.00
120	100.00
121	100.00
122	100.00
123	100.00
124	100.00
125	100.00
126	100.00
127	100.00
128	100.00
129	100.00
130	100.00
131	100.00
132	100.00
133	100.00
134	100.00
135	100.00
136	100.00
137	100.00
138	100.00
139	100.00
140	100.00
141	100.00
142	100.00
143	100.00
144	100.00
145	100.00
146	100.00
147	100.00
148	100.00
149	100.00
150	100.00
151	100.00
152	100.00
153	100.00
154	100.00
155	100.00
156	100.00
157	100.00
158	100.00
159	100.00
160	100.00
161	100.00
162	100.00
163	100.00
164	100.00
165	100.00
166	100.00
167	100.00
168	100.00
169	100.00
170	100.00
171	100.00
172	100.00
173	100.00
174	100.00
175	100.00
176	100.00
177	100.00
178	100.00
179	100.00
180	100.00
181	100.00
182	100.00
183	100.00
184	100.00
185	100.00
186	100.00
187	100.00
188	100.00
189	100.00
190	100.00
191	100.00
192	100.00
193	100.00
194	100.00
195	100.00
196	100.00
197	100.00
198	100.00
199	100.00
200	100.00
201	100.00
202	100.00
203	100.00
204	100.00
205	100.00
206	100.00
207	100.00
208	100.00
209	100.00
210	100.00
211	100.00
212	100.00
213	100.00
214	100.00
215	100.00
216	98.10
217	97.14
218	96.19
219	96.19
220	96.19
221	96.19
222	96.19
223	96.19
224	96.19
225	96.19
226	96.19
227	96.19
228	96.19
229	96.19
230	96.19
231	96.19
232	96.19
233	96.19
234	96.19
235	96.19
236	96.19
237	96.19
238	95.24
239	95.24
240	95.24
241	95.24
242	95.24
243	95.24
244	95.24
245	95.24
246	95.24
247	95.24
248	95.24
249	95.24
250	95.24
251	95.24
252	95.24
