10 3.834
11 3.401
12 3.323
13 2.831
14 2.184
15 1.638
16 0.872
17 0.760
18 1.171
19 0.818
20 1.141
21 1.201
22 1.616
23 2.620
24 3.758
25 5.403
26 6.587
27 8.067
28 8.374
29 8.949
30 9.364
31 9.391
32 9.920
33 10.074
34 10.367
35 10.159
36 10.004
37 9.835
38 9.682
39 9.131
40 9.208
41 8.190
42 8.031
43 7.611
44 7.095
45 6.487
46 6.413
47 6.854
48 7.250
49 6.602
50 6.620
51 6.093
52 6.202
53 6.301
54 7.410
55 7.940
56 8.105
57 8.894
58 8.846
59 8.889
60 8.942
61 8.504
62 8.260
63 8.778
64 9.701
65 10.364
66 10.536
67 9.822
68 10.964
69 10.454
70 10.468
71 10.038
72 9.806
73 8.698
74 8.521
75 7.853
76 7.511
77 7.743
78 8.164
79 8.292
80 9.076
81 9.734
82 9.952
83 10.299
84 10.327
85 10.991
86 12.041
87 11.474
88 11.867
89 12.024
90 11.744
91 11.905
92 12.589
93 11.612
94 11.372
95 10.461
96 9.828
97 8.850
98 8.183
99 7.898
100 6.348
101 6.117
102 5.996
103 5.597
104 5.716
105 6.305
106 6.604
107 7.091
108 7.191
109 6.968
110 6.826
111 6.365
112 6.459
113 6.776
114 7.270
115 7.257
116 6.620
117 6.132
118 5.172
119 5.702
120 5.502
121 5.679
122 6.160
123 5.831
124 5.545
125 6.067
126 5.221
127 5.997
128 7.022
129 6.902
130 7.536
131 7.674
132 6.810
133 5.823
134 6.175
135 6.998
136 7.809
137 8.565
138 8.880
139 8.611
140 8.709
141 9.016
142 9.549
143 9.852
144 10.349
145 10.845
146 10.598
147 10.185
148 11.044
149 10.013
150 10.038
151 9.711
152 10.119
153 8.920
154 8.542
155 8.339
156 7.922
157 7.905
158 8.752
159 9.445
160 9.640
161 10.163
162 9.902
163 9.125
164 9.026
165 8.132
166 8.862
167 8.525
168 8.852
169 8.482
170 8.841
171 8.063
172 7.933
173 7.525
174 7.051
175 6.664
176 6.273
177 6.232
178 5.904
179 6.171
180 6.497
181 7.116
182 8.004
183 7.939
184 8.995
185 8.546
186 8.817
187 9.554
188 9.441
189 9.573
190 10.166
191 10.060
192 10.214
193 10.463
194 9.547
195 9.463
196 9.088
197 9.672
198 9.264
199 9.415
200 10.183
201 9.750
202 10.187
203 9.940
204 9.770
205 9.128
206 8.856
207 9.626
208 8.985
209 8.935
210 9.019
211 8.654
212 8.302
213 8.525
214 8.054
215 7.678
216 7.462
217 7.816
218 7.305
219 6.887
220 6.658
221 6.962
222 6.322
223 7.021
224 6.888
225 7.283
226 7.754
227 8.234
228 9.101
229 9.631
230 9.667
231 10.466
232 9.998
233 10.439
234 10.735
235 10.211
236 9.561
237 9.004
238 8.743
239 8.649
240 7.527
241 7.935
242 7.271
243 7.381
244 7.044
245 7.014
246 6.467
247 5.901
248 6.208
249 6.143
250 5.419
251 5.299
252 5.380
253 5.596
254 5.762
255 5.562
256 5.881
257 5.594
258 5.641
259 6.344
260 6.004
261 6.048
262 6.191
263 6.966
264 6.551
265 7.281
266 7.942
267 8.003
268 8.498
269 8.905
270 9.804
271 10.275
272 11.183
273 11.859
274 12.024
275 12.017
276 12.322
277 12.666
278 12.612
279 13.129
280 12.755
281 13.068
282 12.778
283 13.225
284 13.058
285 11.827
286 11.179
287 10.013
288 9.463
289 9.160
290 8.198
291 8.354
292 8.461
293 9.635
294 9.835
295 10.046
296 9.351
297 9.612
298 8.894
299 8.714
300 8.119
301 7.752
302 7.461
303 7.200
304 8.183
305 8.600
306 9.558
307 9.549
308 9.317
309 9.567
310 9.015
311 7.827
312 7.033
313 7.667
314 7.075
315 6.980
316 7.241
317 7.627
318 8.352
319 8.626
320 9.338
321 10.083
322 10.295
323 9.901
324 9.887
325 8.752
326 8.534
327 8.589
328 8.676
329 8.878
330 9.701
331 9.660
332 9.427
333 9.727
334 9.949
335 9.492
336 10.091
337 9.577
338 9.915
339 10.343
340 9.945
341 9.803
342 10.118
343 10.598
344 10.863
345 10.696
346 10.743
347 10.391
348 9.538
349 9.072
350 9.749
351 9.113
352 9.687
353 10.320
354 10.594
355 9.906
356 9.333
357 9.179
358 8.152
359 7.659
360 6.934
361 6.527
362 5.494
363 5.860
364 5.709
365 5.578
366 6.002
367 6.722
368 7.583
369 8.395
370 9.029
371 8.294
372 7.995
373 8.373
374 8.710
375 9.180
376 8.347
377 8.118
378 8.104
379 8.799
380 8.709
381 8.732
382 7.970
383 8.522
384 7.640
385 7.674
386 7.955
387 7.888
388 7.293
389 7.746
390 8.192
391 8.445
392 8.776
393 8.457
394 8.013
395 8.216
396 8.001
397 7.377
398 6.620
399 6.377
400 5.937
401 5.774
402 4.828
403 4.902
404 4.358
405 4.473
406 4.604
407 4.880
408 4.695
409 5.332
410 4.763
411 4.990
412 5.689
413 6.328
414 6.243
415 7.040
416 7.098
417 6.874
418 6.706
419 7.100
420 7.145
421 7.413
422 7.491
423 7.932
424 8.380
425 8.802
426 9.693
427 10.786
428 10.268
429 10.350
430 9.989
431 10.444
432 10.244
433 10.944
434 10.560
435 11.280
436 11.711
437 11.491
438 11.460
439 10.814
440 10.561
441 9.960
442 8.624
443 7.554
444 7.062
445 5.776
446 4.795
447 5.695
448 5.733
449 5.399
450 4.543
451 3.609
452 2.724
453 2.138
454 1.184
455 0.635
456 0.167
457 -0.575
458 -1.127
459 -1.717
460 -1.667
461 -1.720
462 -2.156
463 -2.280
464 -1.570
465 -1.078
466 -1.202
467 -0.622
468 0.168
469 1.468
470 2.539
471 3.813
472 5.038
473 6.568
474 8.214
475 9.636
476 10.287
477 11.560
478 12.227
479 12.523
480 12.255
481 12.548
482 11.749
483 10.569
484 10.667
485 9.824
486 9.269
487 8.992
488 8.532
489 8.541
490 8.577
491 8.572
492 8.159
493 7.606
494 8.079
495 8.433
496 8.403
497 8.443
498 9.049
499 9.607
500 9.356
501 10.202
502 9.929
503 9.502
504 9.419
505 10.186
506 10.573
507 10.144
508 10.051
509 9.062
510 8.308
511 8.008
512 7.973
513 6.924
514 6.996
515 7.462
516 7.904
517 7.930
518 8.261
519 9.156
520 8.987
521 9.656
522 10.274
523 11.725
524 11.675
525 12.473
526 13.422
527 13.041
528 12.858
529 11.724
530 10.957
531 10.111
532 10.267
533 9.442
534 8.843
535 8.783
536 9.035
537 9.392
538 8.471
539 8.615
540 8.433
541 8.151
542 7.455
543 7.757
544 7.105
545 7.240
546 6.635
547 6.860
548 7.776
549 7.816
550 8.320
551 9.164
552 9.981
553 9.819
554 10.013
555 10.027
556 9.711
557 10.165
558 10.329
559 10.450
560 10.416
561 10.592
562 9.560
563 8.999
564 8.279
565 8.280
566 7.243
567 6.509
568 6.365
569 6.533
570 5.711
571 6.210
572 6.984
573 6.588
574 6.548
575 7.190
576 8.115
577 8.049
578 8.132
579 8.097
580 7.689
581 7.864
582 8.451
583 8.112
584 8.229
585 8.564
586 9.021
587 9.178
588 8.788
589 9.355
590 8.864
591 8.525
592 8.698
593 9.288
594 8.603
595 7.810
596 7.308
597 7.791
598 7.938
599 7.891
600 8.010
601 6.874
602 7.269
603 7.015
604 6.182
605 6.429
606 6.394
607 7.562
608 8.245
609 8.722
610 9.186
611 8.719
612 8.562
613 7.747
614 7.037
615 6.790
616 6.509
617 6.128
618 6.129
619 5.398
620 6.394
621 6.467
622 6.401
623 6.605
624 6.079
625 6.036
626 5.922
627 5.787
628 5.329
629 5.561
630 6.250
631 6.115
632 6.995
633 7.364
634 7.442
635 6.609
636 6.827
637 6.733
638 7.761
639 7.032
640 6.295
641 6.331
642 6.883
643 7.012
644 6.969
645 6.498
646 6.700
647 6.808
648 6.287
649 6.182
650 5.902
651 5.558
652 6.413
653 6.429
654 6.351
655 6.079
656 5.975
657 5.682
658 5.865
659 6.014
660 6.017
661 6.434
662 7.008
663 7.782
664 7.707
665 7.580
666 8.036
667 8.271
668 8.706
669 8.388
670 8.260
671 7.174
672 7.596
673 8.418
674 8.190
675 7.964
676 7.926
677 7.704
678 7.668
679 7.403
680 6.510
681 6.640
682 5.990
683 6.529
684 5.952
685 6.030
686 6.122
687 6.064
688 6.180
689 6.314
690 7.351
691 7.443
692 7.541
693 7.683
694 8.035
695 7.933
696 8.776
697 9.607
698 10.016
699 10.181
700 10.006
701 10.619
702 10.202
703 10.747
704 10.494
705 10.585
706 9.949
707 9.515
708 8.859
709 7.335
710 6.950
711 6.827
712 6.347
713 6.182
714 6.254
715 5.645
716 5.399
717 5.301
718 5.352
719 5.650
720 5.948
721 6.954
722 7.656
723 8.512
724 8.784
725 9.691
726 9.572
727 9.633
728 9.421
729 8.354
730 7.503
731 6.999
732 7.119
733 6.096
734 5.795
735 5.595
736 5.393
737 5.301
738 5.197
739 5.044
740 5.386
741 5.492
742 6.623
743 7.788
744 7.793
745 8.844
746 9.504
747 9.987
748 10.480
749 10.383
750 10.332
751 9.793
752 9.568
753 8.958
754 8.820
755 9.527
756 9.713
757 10.229
758 10.771
759 10.436
760 11.190
761 11.879
762 12.482
763 12.750
764 12.674
765 12.083
766 11.128
767 10.731
768 11.149
769 10.752
770 10.142
771 9.875
772 9.502
773 9.027
774 8.644
775 7.928
776 6.850
777 6.222
778 6.847
779 5.864
780 5.756
781 6.107
782 6.984
783 7.209
784 7.526
785 8.538
786 8.657
787 8.450
788 9.066
789 10.231
790 10.204
791 10.684
792 11.633
793 11.791
794 11.698
795 12.459
796 13.381
797 12.621
798 12.620
799 12.443
800 11.935
801 11.062
802 11.110
803 11.541
804 10.883
805 10.825
806 11.697
807 12.101
808 11.644
809 12.531
810 12.320
811 11.066
812 10.490
813 10.460
814 10.006
815 9.281
816 9.672
817 10.877
818 10.871
819 11.123
820 11.679
821 10.767
822 10.446
823 11.017
824 10.878
825 10.598
826 10.685
827 10.481
828 9.869
829 10.329
830 10.870
831 10.769
832 10.989
833 10.616
834 10.894
835 10.459
836 10.542
837 10.851
838 11.070
839 11.665
840 12.477
841 12.734
842 13.017
843 13.205
844 13.673
845 13.737
846 13.725
847 13.776
848 13.258
849 12.459
850 12.369
851 11.356
852 10.762
853 9.941
854 9.310
855 8.670
856 7.659
857 6.781
858 6.126
859 5.411
860 5.219
861 5.669
862 6.488
863 6.765
864 7.113
865 7.986
866 8.099
867 8.370
868 8.086
869 7.500
870 7.963
871 7.547
872 7.886
873 8.228
874 8.497
875 9.258
876 10.303
877 10.712
878 11.414
879 12.213
880 12.413
881 12.590
882 13.093
883 13.373
884 12.901
885 12.206
