11	60.00
12	60.00
13	60.00
14	60.00
15	60.00
16	60.00
17	60.00
18	60.00
19	59.05
20	58.10
21	58.10
22	58.10
23	58.10
24	58.10
25	58.10
26	58.10
27	58.10
28	58.10
29	58.10
30	58.10
31	58.10
32	58.10
33	58.10
34	58.10
35	58.10
36	58.10
37	58.10
38	58.10
39	58.10
40	59.05
41	60.00
42	60.00
43	60.00
44	60.00
45	60.00
46	60.00
47	60.00
48	60.00
49	60.00
50	60.00
51	60.00
52	60.00
53	60.00
54	60.00
55	60.00
56	60.00
57	60.00
58	60.00
59	60.00
60	60.00
61	60.00
62	60.00
63	60.00
64	60.00
65	60.00
66	60.00
67	60.00
68	60.00
69	60.00
70	60.00
71	60.00
72	60.00
73	60.00
74	60.00
75	60.00
76	60.00
77	60.00
78	60.00
79	60.00
80	60.00
81	60.00
82	60.00
83	60.00
84	60.00
85	60.00
86	60.00
87	60.00
88	60.00
89	60.00
90	60.00
91	60.00
92	60.00
93	60.00
94	60.00
95	60.00
96	60.00
97	60.00
98	60.00
99	60.00
100	60.00
101	60.00
102	60.00
103	60.00
104	60.00
105	60.00
106	60.00
107	60.00
108	60.00
109	60.00
110	60.00
111	60.00
112	60.00
113	60.00
114	60.00
115	60.00
116	60.00
117	60.00
118	60.00
119	60.00
120	60.00
121	60.00
122	60.00
123	60.00
124	60.00
125	60.00
126	60.00
127	60.00
128	60.00
129	60.00
130	60.00
131	60.00
132	60.00
133	60.00
134	60.00
135	60.00
136	60.00
137	60.00
138	60.00
139	60.00
140	60.00
141	60.00
142	60.00
143	60.00
144	60.00
145	60.00
146	60.00
147	60.00
148	60.00
149	60.00
150	60.95
151	62.86
152	64.76
153	66.67
154	68.57
155	70.48
156	72.38
157	74.29
158	76.19
159	78.10
160	80.00
161	81.90
162	83.81
163	85.71
164	87.62
165	89.52
166	91.43
167	93.33
168	95.24
169	97.14
170	97.14
171	94.29
172	92.38
173	90.48
174	88.57
175	86.67
176	84.76
177	82.86
178	80.95
179	79.05
180	77.14
181	75.24
182	73.33
183	71.43
184	69.52
185	67.62
186	65.71
187	63.81
188	61.90
189	60.00
190	58.10
191	58.10
192	60.00
193	60.00
194	60.00
195	60.00
196	60.00
197	60.00
198	60.00
199	60.00
200	60.00
201	60.00
202	60.00
203	60.00
204	60.00
205	60.00
206	60.00
207	60.00
208	60.00
209	60.00
210	60.00
211	60.00
212	60.00
213	60.00
214	60.00
215	60.00
216	60.00
217	60.00
218	60.00
