10 2.377
11 2.350
12 1.914
13 1.528
14 1.263
15 1.078
16 0.953
17 0.352
18 0.122
19 1.064
20 1.356
21 1.793
22 2.600
23 3.123
24 3.709
25 5.076
26 5.492
27 5.673
28 6.773
29 7.974
30 8.663
31 9.348
32 9.882
33 10.010
34 9.871
35 9.213
36 9.539
37 9.093
38 8.824
39 8.575
40 8.138
41 7.224
42 6.792
43 6.471
44 5.966
45 6.397
46 6.563
47 6.834
48 6.791
49 7.345
50 8.140
51 8.143
52 8.188
53 8.902
54 9.054
55 8.233
56 8.320
57 7.375
58 6.454
59 6.610
60 6.315
61 6.096
62 6.333
63 6.030
64 6.368
65 6.124
66 5.274
67 4.044
68 3.765
69 3.093
70 2.968
71 2.643
72 1.768
73 1.500
74 1.665
75 1.586
76 1.943
77 2.650
78 2.684
79 3.059
80 2.976
81 2.560
82 2.280
83 0.946
84 0.551
85 -0.360
86 -0.513
87 -1.011
88 -0.551
89 -0.513
90 -0.584
91 -0.447
92 -0.365
93 -0.114
94 0.029
95 -0.018
96 -0.280
97 -0.064
98 0.481
99 1.580
100 1.555
101 2.522
102 3.514
103 4.297
104 5.273
105 6.144
106 6.345
107 6.709
108 6.987
109 7.556
110 7.544
111 8.149
112 8.626
113 9.182
114 9.210
115 8.969
116 8.306
117 7.236
118 6.267
119 6.011
120 4.919
121 3.742
122 3.006
123 2.554
124 1.793
125 1.506
126 1.244
127 1.170
128 1.394
129 1.695
130 1.382
131 1.006
132 1.343
133 1.587
134 1.425
135 1.679
136 1.855
137 2.485
138 2.185
139 1.946
140 2.470
141 2.894
142 3.111
143 3.446
144 4.392
145 4.354
146 4.497
147 4.319
148 4.756
149 5.142
150 5.504
151 5.459
152 5.479
153 5.723
154 6.113
155 6.054
156 5.389
157 6.126
158 6.351
159 6.245
160 5.716
161 5.611
162 5.376
163 5.336
164 5.973
165 6.647
166 6.735
167 6.492
168 6.450
169 6.103
170 5.105
171 4.369
172 3.579
173 2.514
174 2.172
175 1.318
176 0.826
177 0.404
178 0.405
179 0.815
180 1.260
181 1.654
182 1.412
183 1.370
184 1.263
185 1.435
186 1.486
187 1.346
188 0.836
189 1.093
190 0.540
191 0.504
192 0.705
193 1.425
194 3.082
195 3.841
196 5.716
197 6.373
198 6.747
199 6.832
200 7.142
201 7.720
202 7.962
203 8.940
204 9.294
205 9.698
206 10.123
207 10.724
208 10.662
209 10.737
210 10.214
211 9.153
212 8.351
213 7.922
214 8.113
215 7.833
216 7.913
217 8.132
218 8.391
219 9.027
220 8.935
221 9.494
222 8.670
223 9.035
224 9.027
225 9.060
226 8.360
227 8.298
228 9.036
229 9.373
230 9.816
231 9.717
232 9.342
233 9.515
234 10.057
235 11.257
236 11.706
237 12.191
238 12.047
239 12.670
240 12.797
241 13.682
242 13.279
243 13.484
244 13.286
245 13.056
246 12.867
247 12.468
248 12.182
249 12.248
250 12.734
251 12.690
252 12.184
