11	56.19
12	56.19
13	56.19
14	56.19
15	56.19
16	56.19
17	56.19
18	56.19
19	56.19
20	56.19
21	56.19
22	56.19
23	56.19
24	56.19
25	56.19
26	56.19
27	56.19
28	56.19
29	56.19
30	56.19
31	58.10
32	60.00
33	60.00
34	60.00
35	60.00
36	60.00
37	60.00
38	60.00
39	60.00
40	60.00
41	60.00
42	60.00
43	60.00
44	60.00
45	60.00
46	60.00
47	60.00
48	60.00
49	60.00
50	60.00
51	60.00
52	60.00
53	60.00
54	60.00
55	60.00
56	60.00
57	60.00
58	60.00
59	60.00
60	60.00
61	60.00
62	60.00
63	60.00
64	60.00
65	60.00
66	60.00
67	60.00
68	60.00
69	60.00
70	60.00
71	60.00
72	60.00
73	60.00
74	60.00
75	60.00
76	60.00
77	60.00
78	60.00
79	60.00
80	60.00
81	60.00
82	60.00
83	60.00
84	60.00
85	60.00
86	60.00
87	60.00
88	60.00
89	60.00
90	59.05
91	58.10
92	57.14
93	56.19
94	55.24
95	54.29
96	53.33
97	55.24
98	57.14
99	59.05
100	60.95
101	62.86
102	64.76
103	66.67
104	68.57
105	69.52
106	70.48
107	72.38
108	74.29
109	76.19
110	78.10
111	80.95
112	83.81
113	86.67
114	89.52
115	92.38
116	95.24
117	98.10
118	93.33
119	88.57
120	83.81
121	80.95
122	78.10
123	76.19
124	74.29
125	72.38
126	72.38
127	72.38
128	72.38
129	72.38
130	72.38
131	72.38
132	72.38
133	72.38
134	72.38
135	72.38
136	72.38
137	72.38
138	72.38
139	77.14
140	81.90
141	86.67
142	89.52
143	92.38
144	94.29
145	96.19
146	98.10
147	96.19
148	97.14
149	97.14
150	97.14
151	97.14
152	97.14
153	97.14
154	97.14
155	97.14
156	97.14
157	97.14
158	97.14
159	97.14
160	97.14
161	97.14
162	97.14
163	97.14
164	97.14
165	97.14
166	97.14
167	97.14
168	99.05
169	97.14
170	97.14
171	97.14
172	97.14
173	97.14
174	97.14
175	97.14
176	97.14
177	97.14
178	97.14
179	97.14
180	97.14
181	97.14
182	97.14
183	97.14
184	97.14
185	97.14
186	97.14
187	97.14
188	97.14
189	98.10
190	100.00
191	100.00
192	100.00
193	100.00
194	100.00
195	100.00
196	100.00
197	100.00
198	100.00
199	100.00
200	100.00
201	100.00
202	100.00
203	100.00
204	100.00
205	100.00
206	100.00
207	100.00
208	100.00
209	100.00
210	100.00
211	100.00
212	100.00
213	100.00
214	100.00
215	100.00
216	100.00
217	100.00
218	100.00
219	100.00
220	100.00
221	100.00
222	100.00
223	100.00
224	100.00
225	100.00
226	100.00
227	100.00
228	100.00
229	100.00
230	100.00
231	100.00
232	100.00
233	100.00
234	100.00
235	100.00
236	100.00
237	100.00
238	100.00
239	100.00
240	100.00
241	100.00
242	100.00
243	100.00
244	100.00
245	100.00
246	100.00
247	100.00
248	100.00
249	100.00
250	100.00
251	100.00
252	100.00
253	100.00
254	100.00
255	100.00
256	100.00
257	100.00
258	100.00
259	100.00
260	100.00
261	100.00
262	100.00
263	100.00
264	100.00
265	100.00
266	100.00
267	100.00
268	100.00
269	100.00
270	100.00
271	100.00
272	100.00
273	100.00
274	100.00
275	100.00
276	100.00
277	100.00
278	100.00
279	100.00
280	100.00
281	100.00
282	100.00
283	100.00
284	100.00
285	100.00
286	100.00
287	100.00
288	100.00
289	100.00
290	100.00
291	100.00
292	100.00
293	100.00
294	100.00
295	100.00
296	100.00
297	100.00
298	100.00
299	100.00
300	100.00
301	100.00
302	100.00
303	100.00
304	100.00
305	100.00
306	100.00
307	100.00
308	100.00
309	100.00
310	100.00
311	100.00
312	100.00
313	100.00
314	100.00
315	100.00
316	100.00
317	100.00
318	100.00
319	100.00
320	100.00
321	100.00
322	100.00
323	100.00
324	100.00
325	100.00
326	100.00
327	100.00
328	100.00
329	100.00
330	100.00
331	100.00
332	100.00
333	100.00
334	100.00
335	100.00
336	100.00
337	100.00
338	100.00
339	100.00
340	100.00
341	100.00
342	100.00
343	100.00
344	100.00
345	100.00
346	100.00
347	100.00
348	100.00
349	100.00
350	100.00
351	100.00
352	100.00
353	100.00
354	100.00
355	100.00
356	100.00
357	100.00
358	100.00
359	100.00
360	100.00
361	100.00
362	100.00
363	100.00
364	100.00
365	100.00
366	100.00
367	100.00
368	100.00
369	100.00
370	100.00
371	100.00
372	100.00
373	100.00
374	100.00
375	100.00
376	100.00
377	100.00
378	100.00
379	100.00
380	100.00
381	100.00
382	100.00
383	100.00
384	100.00
385	100.00
386	100.00
387	100.00
388	100.00
389	100.00
390	100.00
391	100.00
392	100.00
393	100.00
394	100.00
395	100.00
396	100.00
397	100.00
398	100.00
399	100.00
400	100.00
401	100.00
402	100.00
403	100.00
404	100.00
405	100.00
406	100.00
407	100.00
408	100.00
409	100.00
410	100.00
411	100.00
412	100.00
413	100.00
414	100.00
415	100.00
416	100.00
417	100.00
418	100.00
419	100.00
420	100.00
421	100.00
422	100.00
423	98.10
424	96.19
425	94.29
426	93.33
427	92.38
428	91.43
429	90.48
430	90.48
431	90.48
432	90.48
433	90.48
434	90.48
435	90.48
436	90.48
437	90.48
438	90.48
439	90.48
440	90.48
441	90.48
442	90.48
443	90.48
444	92.38
445	94.29
446	96.19
447	95.24
448	94.29
449	93.33
450	92.38
451	92.38
452	92.38
453	92.38
454	92.38
455	92.38
456	92.38
457	92.38
458	92.38
459	92.38
460	92.38
461	92.38
462	92.38
463	92.38
464	92.38
465	92.38
466	90.48
467	88.57
468	87.62
469	86.67
470	85.71
471	84.76
472	80.95
473	77.14
474	73.33
475	69.52
476	68.57
477	67.62
478	66.67
479	66.67
480	66.67
481	66.67
482	66.67
483	66.67
484	66.67
485	66.67
486	66.67
487	68.57
488	70.48
489	73.33
490	76.19
491	79.05
492	81.90
493	85.71
494	89.52
495	93.33
496	96.19
497	95.24
498	95.24
499	95.24
500	95.24
501	95.24
502	95.24
503	95.24
504	95.24
505	95.24
506	95.24
507	95.24
508	95.24
509	95.24
510	95.24
511	95.24
512	95.24
513	95.24
514	95.24
515	95.24
516	95.24
517	96.19
518	98.10
519	99.05
520	100.00
521	100.00
522	100.00
523	100.00
524	100.00
525	100.00
526	100.00
527	100.00
528	100.00
529	100.00
530	100.00
531	100.00
532	100.00
533	100.00
534	100.00
535	100.00
536	100.00
537	100.00
538	100.00
539	100.00
540	100.00
541	100.00
542	100.00
543	100.00
544	100.00
545	100.00
546	100.00
547	100.00
548	100.00
549	100.00
550	100.00
551	100.00
552	100.00
553	100.00
554	100.00
555	100.00
556	100.00
557	100.00
558	100.00
559	100.00
560	100.00
561	100.00
562	100.00
563	100.00
564	100.00
565	100.00
566	100.00
567	100.00
568	100.00
569	100.00
570	100.00
571	100.00
572	100.00
573	100.00
574	100.00
575	100.00
576	100.00
577	100.00
578	100.00
579	100.00
580	100.00
581	100.00
582	100.00
583	100.00
584	100.00
585	100.00
586	100.00
587	100.00
588	100.00
589	100.00
590	100.00
591	100.00
592	100.00
593	100.00
594	100.00
595	100.00
596	100.00
597	100.00
598	100.00
599	100.00
600	100.00
601	100.00
602	100.00
603	100.00
604	100.00
605	100.00
606	100.00
607	100.00
608	100.00
609	100.00
610	100.00
611	100.00
612	100.00
613	100.00
614	100.00
615	100.00
616	100.00
617	100.00
618	100.00
619	100.00
620	100.00
621	100.00
622	100.00
623	100.00
624	100.00
625	100.00
626	100.00
627	100.00
628	100.00
629	100.00
630	100.00
631	100.00
632	100.00
633	100.00
634	100.00
635	100.00
636	100.00
637	100.00
638	100.00
639	100.00
640	100.00
641	100.00
642	100.00
643	100.00
644	100.00
645	100.00
646	100.00
647	100.00
648	100.00
649	100.00
650	100.00
651	100.00
652	100.00
653	100.00
654	100.00
655	100.00
656	100.00
657	100.00
658	100.00
659	100.00
660	100.00
661	100.00
662	100.00
663	100.00
664	100.00
665	100.00
666	100.00
667	100.00
668	100.00
669	100.00
670	100.00
671	100.00
672	100.00
673	100.00
674	100.00
675	100.00
676	100.00
677	100.00
678	100.00
679	100.00
680	100.00
681	100.00
682	100.00
683	100.00
684	100.00
685	100.00
686	100.00
687	100.00
688	100.00
689	100.00
690	100.00
691	100.00
692	100.00
693	100.00
694	100.00
695	100.00
696	100.00
697	100.00
698	100.00
699	100.00
700	100.00
701	100.00
702	100.00
703	100.00
704	100.00
705	100.00
706	100.00
707	100.00
708	100.00
709	100.00
710	100.00
711	100.00
712	100.00
713	100.00
714	100.00
715	100.00
716	100.00
717	100.00
718	100.00
719	100.00
720	100.00
721	100.00
722	100.00
723	100.00
724	100.00
725	100.00
726	100.00
727	100.00
728	100.00
729	100.00
730	100.00
731	100.00
732	100.00
733	100.00
734	100.00
735	100.00
736	100.00
737	100.00
738	100.00
739	100.00
740	100.00
741	100.00
742	100.00
743	100.00
744	100.00
745	100.00
746	100.00
747	100.00
748	100.00
749	100.00
750	100.00
751	100.00
752	100.00
753	100.00
754	100.00
755	100.00
756	100.00
757	100.00
758	100.00
759	100.00
760	100.00
761	100.00
762	100.00
763	100.00
764	100.00
765	100.00
766	100.00
767	100.00
768	100.00
769	100.00
770	100.00
771	100.00
772	100.00
773	100.00
774	100.00
775	100.00
776	100.00
777	100.00
778	100.00
779	100.00
780	100.00
781	100.00
782	100.00
783	100.00
784	100.00
785	100.00
786	100.00
787	100.00
788	100.00
789	100.00
790	100.00
791	100.00
792	100.00
793	100.00
794	100.00
795	100.00
796	100.00
797	100.00
798	100.00
799	100.00
800	100.00
801	100.00
802	100.00
803	100.00
804	100.00
805	100.00
806	100.00
807	100.00
808	100.00
809	100.00
810	100.00
811	100.00
812	100.00
813	100.00
814	100.00
815	100.00
816	100.00
817	100.00
818	100.00
819	100.00
820	100.00
821	100.00
822	100.00
823	100.00
824	100.00
825	100.00
826	100.00
827	100.00
828	100.00
829	100.00
830	100.00
831	100.00
832	100.00
833	100.00
834	100.00
835	100.00
836	100.00
837	100.00
838	100.00
839	100.00
840	100.00
841	100.00
842	100.00
843	100.00
844	100.00
845	100.00
846	100.00
847	100.00
848	100.00
849	100.00
850	100.00
851	100.00
852	100.00
853	100.00
854	100.00
