10 3.076
11 2.084
12 2.448
13 1.484
14 1.599
15 1.133
16 0.988
17 2.187
18 3.115
19 4.078
20 4.690
21 6.179
22 6.724
23 7.439
24 7.854
25 7.918
26 8.421
27 8.737
28 9.054
29 8.398
30 8.442
31 7.592
32 7.491
33 7.452
34 7.636
35 7.681
36 7.616
37 7.560
38 7.075
39 7.125
40 7.118
41 7.769
42 8.127
43 8.570
44 9.275
45 8.964
46 9.007
47 9.682
48 10.852
49 11.826
50 12.407
51 13.014
52 12.487
53 11.904
54 11.478
55 11.327
56 11.207
57 11.411
58 11.680
59 11.378
60 11.158
61 11.419
62 11.759
63 11.497
64 11.519
65 12.104
66 11.987
67 11.639
68 11.353
69 11.321
70 10.666
71 10.257
72 10.005
73 9.898
74 9.198
75 8.531
76 8.677
77 8.008
78 8.345
79 8.196
80 8.241
81 8.639
82 8.667
83 9.058
84 8.286
85 7.680
86 7.539
87 7.337
88 7.030
89 6.706
90 6.766
91 7.406
92 8.072
93 8.623
94 8.957
95 8.653
96 9.315
97 8.986
98 9.628
99 9.413
100 9.264
101 9.382
102 9.627
103 9.845
104 10.259
105 9.936
106 9.604
107 10.094
108 10.228
109 9.820
110 9.442
111 8.437
112 8.321
113 8.624
114 8.591
115 8.755
116 8.550
117 8.410
118 9.096
119 10.004
120 9.906
121 9.468
122 10.273
123 10.356
124 10.969
125 11.604
126 11.287
127 11.321
128 11.819
129 11.956
130 12.134
131 11.898
132 10.901
133 10.186
134 9.200
135 8.810
136 7.228
137 6.775
138 6.653
139 6.989
140 6.863
141 6.223
142 5.503
143 4.807
144 5.109
145 5.686
146 6.413
147 6.951
148 7.800
149 8.277
150 8.226
151 8.390
152 9.126
153 9.384
154 9.826
155 10.455
156 10.047
157 9.436
158 9.204
159 9.117
160 8.689
161 8.853
162 8.965
163 8.947
164 8.298
165 7.244
166 7.188
167 6.107
168 5.642
169 5.641
170 5.656
171 5.490
172 5.753
173 5.843
174 6.762
175 8.159
176 9.665
177 10.380
178 10.546
179 10.836
180 10.271
181 10.442
182 10.575
183 10.918
184 11.241
185 10.439
186 10.388
187 10.080
188 9.669
189 10.053
190 9.152
191 8.825
192 8.163
193 7.858
194 7.626
195 7.268
196 7.758
197 7.904
198 7.808
199 7.794
200 8.035
201 7.745
202 8.085
203 8.564
204 8.816
205 8.408
206 8.479
207 7.872
208 6.862
209 7.263
210 7.646
211 8.152
212 8.216
213 9.001
214 9.519
215 9.291
216 9.493
217 10.319
218 9.843
219 9.297
220 9.565
221 9.169
222 8.574
223 8.519
224 8.060
225 7.309
226 7.129
227 7.395
228 6.721
229 6.541
230 6.962
231 6.631
232 6.309
233 6.959
234 7.663
235 7.858
236 7.558
237 8.494
238 8.012
239 7.634
240 7.748
241 8.400
242 8.964
243 10.292
244 11.399
245 11.778
246 12.368
247 13.332
248 13.601
249 13.977
250 14.631
251 14.708
252 14.584
253 14.573
254 14.657
255 14.657
256 14.236
257 14.934
258 15.545
259 15.775
260 15.999
261 16.104
262 15.606
263 14.612
264 14.265
265 12.945
266 12.054
267 11.055
268 10.169
269 10.104
270 10.064
271 10.180
272 10.940
273 12.446
274 13.095
275 14.189
276 14.041
277 13.522
278 12.933
279 12.354
280 11.720
281 11.341
282 11.597
283 11.238
284 10.815
285 10.362
286 10.534
287 10.789
288 10.625
289 10.494
290 9.977
291 9.595
292 9.934
293 9.754
294 9.477
295 9.729
296 9.602
297 9.464
298 9.650
299 9.872
300 9.311
301 8.697
302 8.401
303 8.245
304 7.849
305 8.089
306 8.394
307 8.763
308 9.203
309 9.438
310 9.530
311 9.185
312 9.009
313 9.350
314 9.965
315 10.545
316 10.339
317 9.937
318 8.814
319 8.439
320 8.503
321 9.312
322 9.385
323 9.476
324 9.168
325 8.950
326 8.818
327 8.832
328 9.388
329 9.821
330 9.013
331 9.247
332 8.274
333 7.265
334 6.666
335 7.069
336 7.220
337 7.874
338 8.608
339 8.758
340 8.650
341 9.237
342 9.685
343 10.350
344 10.417
345 9.975
346 10.255
347 9.508
348 8.951
349 8.862
350 9.096
351 9.997
352 10.613
353 11.486
354 12.539
355 13.134
356 13.307
357 13.633
358 14.243
359 14.222
360 13.642
361 12.502
362 11.255
363 10.686
364 10.796
365 10.852
366 10.751
367 10.234
368 9.671
369 9.051
370 8.387
371 7.733
372 7.574
373 6.856
374 7.213
375 7.901
376 7.303
377 7.425
378 6.460
379 6.272
380 6.578
381 6.753
382 7.280
383 7.805
384 7.529
385 7.501
386 7.503
387 7.568
388 7.235
389 7.161
390 8.072
391 7.951
392 8.012
393 7.791
394 7.864
395 8.266
396 8.111
397 8.814
398 9.262
399 8.980
400 9.047
401 8.403
402 8.496
403 8.837
404 9.573
405 9.543
406 9.389
407 9.625
408 9.594
409 8.656
410 9.182
411 9.763
412 9.932
413 9.449
414 9.228
415 8.876
416 8.114
417 7.681
418 7.180
419 7.507
420 7.684
421 7.423
422 8.014
423 7.595
424 8.353
425 8.417
426 8.034
427 7.845
428 8.886
429 8.127
430 7.357
431 6.708
432 6.252
433 6.279
434 6.537
435 6.697
436 6.789
437 6.928
438 6.786
439 6.101
440 4.994
441 4.521
442 5.043
443 4.904
444 5.714
445 5.663
446 5.481
447 5.564
448 6.531
449 7.693
450 8.412
451 8.355
452 8.038
453 7.869
454 7.537
455 7.679
456 7.749
457 7.512
458 8.469
459 8.891
460 9.324
461 9.644
462 9.522
463 9.326
464 9.502
465 9.064
466 9.202
467 8.654
468 8.227
469 8.251
470 8.757
471 8.561
472 8.627
473 9.586
474 9.992
475 10.350
476 11.062
477 11.528
478 11.705
479 11.937
480 11.839
481 12.003
482 11.720
483 11.706
484 12.513
485 11.436
486 10.997
487 10.845
488 10.573
489 10.463
490 10.327
491 9.398
492 9.586
493 9.011
494 9.200
495 8.424
496 7.534
497 7.650
498 6.779
499 6.932
500 6.742
501 6.948
502 7.268
503 7.230
504 7.848
505 8.430
506 8.315
507 8.605
508 8.737
509 8.771
510 9.986
511 10.211
512 10.676
513 11.043
514 11.695
515 11.700
516 11.142
517 11.598
518 11.235
519 11.644
520 10.965
521 11.051
522 11.386
523 11.199
524 11.486
525 11.510
526 10.954
527 10.805
528 11.223
529 10.491
530 10.515
531 10.424
532 9.372
533 9.164
534 8.770
535 8.566
536 7.945
537 8.674
538 7.989
539 8.403
540 8.363
541 7.977
542 8.067
543 8.473
544 9.645
545 9.858
546 9.438
547 9.663
548 9.637
549 8.982
550 8.404
551 8.175
552 7.806
553 7.851
554 8.310
555 9.813
556 9.988
557 11.231
558 11.726
559 12.710
560 13.027
561 12.524
562 11.610
563 10.370
564 9.642
565 8.903
566 7.904
567 6.400
568 5.842
569 6.138
570 6.718
571 6.164
572 6.203
573 5.980
574 5.373
575 5.624
576 5.764
577 5.783
578 5.593
579 5.779
580 5.681
581 6.257
582 6.533
583 6.916
584 7.220
585 6.408
586 6.612
587 6.766
588 5.849
589 5.526
590 5.562
591 5.659
592 6.049
593 6.797
594 6.523
595 6.677
596 6.931
597 7.539
598 8.043
599 8.538
600 8.880
601 9.242
602 9.852
603 10.392
604 11.520
605 11.323
606 11.321
607 11.726
608 10.955
609 11.462
610 11.856
611 11.982
612 11.449
613 12.059
614 12.648
615 13.045
616 12.916
617 13.282
618 13.650
619 12.907
620 12.755
621 12.007
622 11.946
623 11.281
624 11.026
625 10.716
626 10.763
627 11.332
628 11.305
629 11.424
630 11.273
631 11.834
632 12.355
633 11.707
634 11.533
635 12.046
636 11.207
637 10.351
638 10.176
639 9.753
640 9.559
641 8.956
642 9.145
643 8.712
644 8.528
645 8.462
646 8.924
647 8.423
648 8.396
649 8.651
650 8.825
651 8.256
652 8.219
653 7.632
654 7.226
655 7.670
656 8.583
657 9.179
658 9.828
659 10.910
660 10.997
661 10.821
662 10.298
663 9.769
664 9.243
665 8.105
666 8.554
667 7.952
668 8.034
669 7.661
670 8.809
671 9.081
672 10.164
673 10.061
674 9.681
675 9.218
676 8.782
677 8.336
678 8.344
679 8.763
680 8.891
681 9.366
682 9.208
683 8.877
684 9.475
685 9.664
686 10.133
687 9.801
688 10.850
689 10.286
690 10.672
691 10.178
692 10.391
693 10.446
694 10.441
695 10.064
696 10.197
697 9.509
698 8.966
699 8.544
700 7.860
701 7.792
702 7.454
703 7.602
704 7.381
705 7.429
706 7.616
707 7.132
708 7.812
709 8.082
710 8.032
711 8.319
712 8.242
713 8.000
714 7.925
715 7.305
716 6.683
717 6.784
718 6.481
719 5.840
720 4.898
721 4.356
722 3.173
723 2.079
724 1.184
725 -0.121
726 -0.755
727 -1.692
728 -2.266
729 -2.034
730 -2.467
731 -1.993
732 -2.273
733 -1.983
734 -1.599
735 -1.430
736 -1.817
737 -1.764
738 -0.291
739 0.763
740 1.527
741 2.610
742 2.976
743 3.128
744 3.668
745 4.023
746 4.237
747 3.974
748 3.529
749 3.747
750 2.514
751 2.255
752 2.342
753 2.522
754 2.547
755 2.993
756 3.978
757 3.839
758 4.085
759 4.955
760 5.617
761 6.873
762 7.995
763 8.551
764 9.745
765 10.770
766 11.440
767 12.072
768 11.707
769 12.229
770 12.128
771 12.200
772 12.173
773 12.416
774 12.643
775 12.660
776 12.548
777 13.064
778 13.472
779 13.154
780 12.925
781 13.229
782 13.303
783 12.744
784 12.007
785 12.072
786 12.046
787 12.434
788 12.253
789 12.436
790 12.370
791 12.993
792 13.528
793 13.520
794 13.980
795 14.469
796 14.246
797 14.421
798 14.612
799 15.312
800 15.128
801 15.699
802 16.169
803 16.133
804 15.378
805 14.873
806 13.929
807 13.717
808 14.168
809 13.813
810 13.596
811 13.367
812 13.363
813 13.399
814 13.119
815 13.679
816 12.998
817 13.120
818 13.071
819 13.412
820 12.713
821 12.634
822 13.461
823 13.485
824 13.613
825 13.972
826 14.177
827 13.867
828 13.548
829 13.512
830 13.363
831 13.656
832 13.398
833 13.698
834 12.870
835 12.708
836 12.795
837 12.824
838 12.250
839 12.171
840 11.709
841 11.579
842 11.600
843 11.327
844 12.221
845 12.780
846 13.084
847 13.700
848 13.853
849 14.061
