11	59.05
12	58.10
13	58.10
14	59.05
15	60.00
16	60.95
17	61.90
18	62.86
19	63.81
20	64.76
21	65.71
22	66.67
23	67.62
24	68.57
25	69.52
26	70.48
27	71.43
28	72.38
29	73.33
30	74.29
31	75.24
32	77.14
33	79.05
34	80.00
35	80.00
36	80.00
37	80.00
38	80.00
39	80.00
40	80.00
41	80.00
42	80.00
43	80.00
44	80.00
45	80.00
46	80.00
47	80.00
48	80.00
49	80.00
50	80.00
51	80.00
52	80.00
53	80.00
54	80.00
55	80.00
56	80.00
57	80.00
58	80.00
59	80.00
60	80.00
61	80.00
62	80.00
63	80.00
64	80.00
65	80.00
66	80.00
67	80.00
68	80.00
69	80.00
70	80.00
71	80.00
72	80.00
73	80.00
74	80.00
75	80.00
76	80.00
77	80.00
78	80.00
79	80.00
80	80.00
81	80.00
82	80.00
83	80.00
84	80.00
85	80.00
86	80.00
87	80.00
88	80.00
89	80.00
90	80.00
91	80.00
92	80.00
93	80.00
94	80.00
95	80.00
96	80.00
97	80.00
98	80.00
99	80.00
100	80.00
101	80.00
102	80.00
103	80.00
104	80.00
105	80.00
106	80.00
107	80.00
108	80.00
109	80.00
110	80.00
111	80.00
112	80.00
113	80.00
114	80.00
115	80.00
116	80.00
117	80.00
118	80.00
119	80.00
120	80.00
121	80.00
122	80.00
123	80.00
124	80.00
125	80.00
126	80.00
127	80.00
128	80.00
129	80.00
130	80.00
131	80.00
132	80.00
133	80.00
134	80.00
135	80.00
136	80.00
137	80.00
138	80.00
139	80.00
140	80.00
141	80.00
142	80.00
143	80.00
144	80.00
145	80.00
146	80.00
147	80.00
148	80.00
149	80.00
150	80.00
151	80.00
152	80.00
153	80.00
154	80.00
155	80.00
156	80.00
157	80.00
158	80.00
159	80.00
160	80.00
161	80.00
162	80.00
163	80.00
164	80.00
165	80.00
166	80.00
167	80.00
168	80.00
169	80.00
170	80.00
171	80.00
172	80.00
173	80.00
174	80.00
175	80.00
176	80.00
177	80.00
178	80.00
179	80.00
180	80.00
181	80.00
182	80.00
183	80.00
184	80.00
185	80.00
186	80.00
187	80.00
188	80.00
189	80.00
190	80.00
191	80.00
192	80.00
193	80.00
194	80.00
195	80.00
196	80.00
197	80.00
198	80.00
199	80.00
200	80.00
201	80.00
202	80.00
203	80.00
204	80.00
205	80.00
206	80.00
207	80.00
208	80.00
209	80.00
210	80.00
211	80.00
212	80.00
213	80.00
214	80.00
215	80.00
216	80.00
217	80.00
218	80.00
219	80.00
220	80.00
221	80.00
222	80.00
223	80.00
224	80.00
225	80.00
226	80.00
227	80.00
228	80.00
229	80.00
230	80.00
231	80.00
232	80.00
233	80.00
234	80.00
235	80.00
236	80.00
237	80.00
238	80.00
239	80.00
240	80.00
241	80.00
242	80.00
243	80.00
244	80.00
245	80.00
246	80.00
247	80.00
248	80.00
249	80.00
250	80.00
251	80.00
252	80.00
253	80.00
254	80.00
255	80.00
256	80.00
257	80.00
258	80.00
259	80.00
260	80.00
261	80.00
262	80.00
263	80.00
264	80.00
265	80.00
266	80.00
267	80.00
268	80.00
269	80.00
270	80.00
271	80.00
272	80.00
273	80.00
274	80.00
275	80.00
276	80.00
277	80.00
278	80.00
279	80.00
280	80.00
281	80.00
282	80.00
283	80.00
284	80.00
285	80.00
286	80.00
287	80.00
288	80.00
289	80.00
290	80.00
291	80.00
292	80.00
293	80.00
294	80.00
295	80.00
296	80.00
297	80.00
298	80.00
299	80.00
300	80.00
301	80.00
302	80.00
303	80.00
304	80.00
305	80.00
306	80.00
307	80.00
308	80.00
309	80.00
310	80.00
311	80.00
312	80.00
313	80.00
314	80.00
315	80.00
316	80.00
317	80.00
318	80.00
319	80.00
320	80.00
321	80.00
322	80.00
323	80.00
324	80.00
325	80.00
326	80.00
327	80.00
328	80.00
329	80.00
330	80.00
331	80.00
332	80.00
333	80.00
334	80.00
335	80.00
336	80.00
337	80.00
338	80.00
339	80.00
340	80.00
341	80.00
342	80.00
343	80.00
344	80.00
345	80.00
346	80.00
347	80.00
348	80.00
349	80.00
350	80.00
351	80.00
352	80.00
353	80.00
354	80.00
355	80.00
356	80.00
357	80.00
358	80.00
359	80.00
360	80.00
361	80.00
362	80.00
363	80.00
364	80.00
365	80.00
366	80.00
367	80.00
368	80.00
369	80.00
370	80.00
371	80.00
372	80.00
373	80.00
374	80.00
375	80.00
376	80.00
377	80.00
378	80.00
379	80.00
380	80.00
381	80.00
382	80.00
383	80.00
384	80.00
385	80.00
386	80.00
387	80.00
388	80.00
389	80.00
390	80.00
391	80.00
392	80.00
393	80.00
394	80.00
395	80.00
396	80.00
397	80.00
398	80.00
399	80.00
400	80.00
401	80.00
402	80.00
403	80.00
404	80.00
405	80.00
406	80.00
407	80.00
408	80.00
409	80.00
410	80.00
411	80.00
412	80.00
413	80.00
414	80.00
415	80.00
416	80.00
417	80.00
418	80.00
419	80.00
420	80.00
421	80.00
422	80.00
423	80.00
424	80.00
425	80.00
426	80.00
427	80.00
428	80.00
429	80.00
430	80.00
431	80.00
432	80.00
433	80.00
434	80.00
435	80.00
436	80.00
437	80.00
438	80.00
439	80.00
440	80.00
441	80.00
442	80.00
443	80.00
444	80.00
445	80.00
446	80.00
447	80.00
448	80.00
449	80.00
450	80.95
451	81.90
452	82.86
453	83.81
454	84.76
455	85.71
456	86.67
457	87.62
458	88.57
459	89.52
460	90.48
461	91.43
462	92.38
463	93.33
464	94.29
465	95.24
466	96.19
467	97.14
468	98.10
469	99.05
470	100.00
471	100.00
472	100.00
473	100.00
474	100.00
475	100.00
476	100.00
477	100.00
478	100.00
479	100.00
480	100.00
481	100.00
482	100.00
483	100.00
484	100.00
485	100.00
486	100.00
487	100.00
488	100.00
489	100.00
490	100.00
491	100.00
492	100.00
493	100.00
494	100.00
495	100.00
496	100.00
497	100.00
498	100.00
499	100.00
500	100.00
501	100.00
502	100.00
503	100.00
504	100.00
505	100.00
506	100.00
507	100.00
508	100.00
509	100.00
510	100.00
511	100.00
512	100.00
513	100.00
514	100.00
515	100.00
516	100.00
517	100.00
518	100.00
519	100.00
520	100.00
521	100.00
522	100.00
523	100.00
524	100.00
525	100.00
526	100.00
527	100.00
528	100.00
529	100.00
530	100.00
531	100.00
532	100.00
533	100.00
534	100.00
535	100.00
536	100.00
537	100.00
538	100.00
539	100.00
540	100.00
541	100.00
542	100.00
543	100.00
544	100.00
545	100.00
546	100.00
547	100.00
548	100.00
549	100.00
550	100.00
551	100.00
552	100.00
553	100.00
554	100.00
555	100.00
556	100.00
557	100.00
558	100.00
559	100.00
560	100.00
561	100.00
562	100.00
563	100.00
564	100.00
565	100.00
566	100.00
567	100.00
568	100.00
569	100.00
570	100.00
571	100.00
572	100.00
573	100.00
574	100.00
575	100.00
576	100.00
577	100.00
578	100.00
579	100.00
580	100.00
581	100.00
582	100.00
583	100.00
584	100.00
585	100.00
586	100.00
587	100.00
588	100.00
589	100.00
590	100.00
591	100.00
592	100.00
593	100.00
594	100.00
595	100.00
596	100.00
597	100.00
598	100.00
599	100.00
600	100.00
601	100.00
602	100.00
603	100.00
604	100.00
605	100.00
606	100.00
607	100.00
608	100.00
609	100.00
610	100.00
611	100.00
612	100.00
613	100.00
614	100.00
615	100.00
616	100.00
617	100.00
618	100.00
619	100.00
620	100.00
621	100.00
622	100.00
623	100.00
624	100.00
625	100.00
626	100.00
627	100.00
628	100.00
629	100.00
630	100.00
631	100.00
632	100.00
633	100.00
634	100.00
635	100.00
636	100.00
637	100.00
638	100.00
639	100.00
640	100.00
641	100.00
642	100.00
643	98.10
644	97.14
645	96.19
646	95.24
647	95.24
648	95.24
649	95.24
650	95.24
651	95.24
652	95.24
653	95.24
654	95.24
655	95.24
656	95.24
657	95.24
658	95.24
659	95.24
660	95.24
661	95.24
662	95.24
663	95.24
664	94.29
665	92.38
666	92.38
667	92.38
668	92.38
669	92.38
670	92.38
671	92.38
672	92.38
673	92.38
674	92.38
675	92.38
676	92.38
677	92.38
678	92.38
679	92.38
680	92.38
681	92.38
682	92.38
683	92.38
684	92.38
685	95.24
686	98.10
687	99.05
688	100.00
689	100.00
690	100.00
691	100.00
692	100.00
693	100.00
694	100.00
695	100.00
696	100.00
697	100.00
698	100.00
699	100.00
700	100.00
701	100.00
702	100.00
703	100.00
704	100.00
705	100.00
706	100.00
707	100.00
708	100.00
709	100.00
710	100.00
711	100.00
712	100.00
713	100.00
714	100.00
715	100.00
716	100.00
717	100.00
718	100.00
719	100.00
720	100.00
721	100.00
722	100.00
723	100.00
724	100.00
725	100.00
726	100.00
727	100.00
728	100.00
729	100.00
730	100.00
731	100.00
732	100.00
733	100.00
734	100.00
735	100.00
736	100.00
737	100.00
738	100.00
739	100.00
740	100.00
741	100.00
742	100.00
743	100.00
744	100.00
745	100.00
746	100.00
747	100.00
748	100.00
749	100.00
750	100.00
751	100.00
752	100.00
753	100.00
754	100.00
755	100.00
756	100.00
757	100.00
758	100.00
759	100.00
760	100.00
761	100.00
762	100.00
763	100.00
764	100.00
765	100.00
766	100.00
767	100.00
768	100.00
769	100.00
770	99.05
771	97.14
772	95.24
773	93.33
774	91.43
775	89.52
776	87.62
777	85.71
778	83.81
779	81.90
780	80.00
781	78.10
782	76.19
783	74.29
784	72.38
785	70.48
786	68.57
787	66.67
788	64.76
789	62.86
790	60.95
791	60.00
792	60.00
793	60.00
794	60.00
795	60.00
796	60.00
797	60.00
798	60.00
799	60.00
800	60.00
801	60.00
802	60.00
803	60.00
804	60.00
805	60.00
806	60.00
807	60.00
808	60.00
809	60.00
810	60.00
811	60.00
812	60.00
813	60.00
814	60.00
815	60.00
816	60.00
817	60.00
818	60.00
819	60.00
820	60.00
821	60.00
822	60.00
823	60.00
824	60.00
825	60.00
826	60.00
827	60.00
828	60.00
829	60.00
830	60.00
831	60.00
832	60.00
833	60.00
834	60.00
835	60.00
836	60.00
837	60.00
838	60.00
839	60.00
840	60.00
841	60.00
842	60.00
843	60.00
844	60.00
845	60.00
846	60.00
847	60.00
848	60.00
849	60.00
850	60.00
851	60.00
852	60.00
853	60.00
854	60.00
855	60.00
856	60.00
857	60.00
858	60.00
859	60.00
860	60.00
861	60.00
862	60.00
863	60.00
864	60.00
865	60.00
866	60.00
867	60.00
868	60.00
869	60.00
870	60.00
871	60.00
872	60.00
873	60.00
874	60.00
875	60.00
876	60.00
877	60.00
878	60.00
879	60.00
880	60.00
881	60.00
882	60.00
883	60.00
884	60.00
885	60.00
886	60.00
887	60.00
888	60.00
889	60.00
890	60.00
891	60.00
892	60.00
893	60.00
894	60.00
895	60.00
896	60.00
897	60.00
898	60.00
899	60.00
900	60.00
901	60.00
902	60.00
903	60.00
904	60.00
905	60.00
906	60.00
907	60.00
908	60.00
909	60.00
910	60.00
911	60.00
912	60.00
913	60.00
914	60.00
915	60.00
916	60.00
917	60.00
918	60.00
919	60.00
920	60.00
921	60.00
922	60.00
923	60.00
924	60.00
925	60.00
926	60.00
927	60.00
928	60.00
929	60.00
930	60.00
931	60.00
932	60.00
933	60.00
934	60.00
935	60.00
936	60.00
937	60.00
938	60.00
939	60.00
940	60.00
941	60.00
942	60.00
943	60.00
944	60.00
945	60.00
946	60.00
947	60.00
948	60.00
949	60.00
950	60.00
951	60.00
952	60.00
953	60.00
954	60.00
955	60.00
956	60.00
957	60.00
958	60.00
959	60.00
960	60.00
961	60.00
962	60.00
963	60.00
964	60.00
965	60.00
966	60.00
967	60.00
968	60.00
969	60.00
970	60.00
971	60.00
972	60.00
973	60.00
974	60.00
975	60.00
976	60.00
977	60.00
978	60.00
979	60.00
980	60.00
981	60.00
982	60.00
983	60.00
984	60.00
985	60.00
986	60.00
987	60.00
988	60.00
989	60.00
990	60.00
991	60.00
992	60.00
993	60.00
994	60.00
995	60.00
996	60.00
997	60.00
998	60.00
999	60.00
1000	60.00
1001	60.00
1002	60.00
1003	60.00
1004	60.00
1005	60.00
1006	60.00
1007	60.00
1008	60.00
1009	60.00
1010	60.00
1011	60.00
1012	60.00
1013	60.00
1014	60.00
1015	60.00
1016	60.00
1017	60.00
1018	60.00
1019	60.00
1020	60.00
1021	60.00
1022	60.00
1023	60.00
1024	60.00
1025	60.00
1026	60.00
1027	60.00
1028	60.00
1029	60.00
1030	60.00
1031	60.00
1032	60.00
1033	60.00
1034	60.00
1035	60.00
1036	60.00
1037	60.00
1038	60.00
1039	60.00
1040	60.00
1041	60.00
1042	60.00
1043	60.00
1044	60.00
1045	60.00
1046	60.00
1047	60.00
1048	60.00
1049	60.00
1050	60.00
1051	60.00
1052	60.00
1053	60.00
1054	60.00
1055	60.00
1056	60.00
1057	60.00
1058	60.00
1059	60.00
1060	60.00
1061	60.00
1062	60.00
1063	60.00
1064	60.00
1065	60.00
1066	60.00
1067	60.00
1068	60.00
1069	60.00
1070	60.00
1071	60.00
1072	60.00
1073	60.00
1074	60.00
1075	60.00
1076	60.00
1077	60.00
1078	60.00
1079	60.00
1080	60.00
1081	60.00
1082	60.00
1083	60.00
1084	60.00
1085	60.00
1086	60.00
1087	60.00
1088	60.00
1089	60.00
1090	60.00
1091	60.00
1092	60.00
1093	60.00
1094	60.00
1095	60.00
1096	60.00
1097	60.00
1098	60.00
1099	60.00
1100	60.00
1101	60.00
1102	60.00
1103	60.00
1104	60.00
1105	60.00
1106	60.00
1107	60.00
1108	60.00
1109	60.00
1110	60.00
1111	60.00
1112	60.00
1113	60.00
1114	60.00
1115	60.00
1116	60.00
1117	60.00
1118	60.00
1119	60.00
1120	60.00
1121	60.00
1122	60.00
1123	60.00
1124	60.00
1125	60.00
1126	60.00
1127	60.00
1128	60.00
1129	60.00
1130	60.00
1131	60.00
1132	60.00
1133	60.00
1134	60.00
1135	60.00
1136	60.00
1137	60.00
1138	60.00
1139	60.00
1140	60.00
1141	60.00
1142	60.00
1143	60.00
1144	60.00
1145	60.00
1146	60.00
1147	60.00
1148	60.00
1149	60.00
1150	60.00
1151	60.00
1152	60.00
1153	60.00
1154	60.00
1155	60.00
1156	60.00
1157	60.00
1158	60.00
1159	60.00
1160	60.00
1161	60.00
1162	60.00
1163	60.00
1164	60.00
1165	60.00
1166	60.00
1167	60.00
1168	60.00
1169	60.00
1170	60.00
1171	60.00
1172	60.00
1173	60.00
1174	60.00
1175	60.00
1176	60.00
1177	60.00
1178	60.00
1179	60.00
1180	60.00
1181	60.00
1182	60.00
1183	60.00
1184	60.00
1185	60.00
1186	60.00
1187	60.00
1188	60.00
1189	60.00
1190	60.00
1191	60.00
1192	60.00
1193	60.00
1194	60.00
1195	60.00
1196	60.00
1197	60.00
1198	60.00
1199	60.00
1200	60.00
1201	60.00
1202	60.00
1203	60.00
1204	60.00
1205	60.00
1206	60.00
1207	60.00
1208	60.00
1209	60.00
1210	60.00
1211	60.00
1212	60.00
1213	60.00
1214	60.00
1215	60.00
1216	60.00
1217	60.00
1218	60.00
1219	60.00
1220	60.00
1221	60.00
1222	60.00
1223	60.00
1224	60.00
1225	60.00
1226	60.00
1227	60.00
1228	60.00
1229	60.00
1230	60.00
1231	60.00
1232	60.00
1233	60.00
1234	60.00
1235	60.00
1236	60.00
1237	60.00
1238	60.00
1239	60.00
1240	60.00
1241	60.00
1242	60.00
1243	60.00
1244	60.00
