11	40.00
12	40.00
13	40.00
14	40.00
15	40.00
16	40.00
17	40.00
18	40.00
19	40.00
20	40.00
21	39.05
22	38.10
23	37.14
24	36.19
25	35.24
26	35.24
27	36.19
28	37.14
29	38.10
30	40.00
31	42.86
32	45.71
33	48.57
34	51.43
35	54.29
36	57.14
37	60.00
38	62.86
39	65.71
40	68.57
41	71.43
42	75.24
43	79.05
44	82.86
45	86.67
46	90.48
47	93.33
48	95.24
49	97.14
50	99.05
51	100.00
52	100.00
53	100.00
54	100.00
55	100.00
56	100.00
57	100.00
58	100.00
59	100.00
60	100.00
61	100.00
62	100.00
63	100.00
64	100.00
65	100.00
66	100.00
67	100.00
68	100.00
69	100.00
70	100.00
71	100.00
72	100.00
73	100.00
74	100.00
75	100.00
76	100.00
77	100.00
78	100.00
79	100.00
80	100.00
81	100.00
82	100.00
83	100.00
84	100.00
85	100.00
86	100.00
87	100.00
88	100.00
89	100.00
90	100.00
91	100.00
92	100.00
93	100.00
94	100.00
95	100.00
96	100.00
97	100.00
98	100.00
99	100.00
100	100.00
101	100.00
102	100.00
103	100.00
104	100.00
105	100.00
106	100.00
107	100.00
108	100.00
109	100.00
110	100.00
111	100.00
112	100.00
113	100.00
114	100.00
115	100.00
116	100.00
117	100.00
118	100.00
119	100.00
120	100.00
121	100.00
122	100.00
123	100.00
124	100.00
125	100.00
126	100.00
127	100.00
128	100.00
129	100.00
130	100.00
131	100.00
132	100.00
133	100.00
134	100.00
135	100.00
136	100.00
137	100.00
138	100.00
139	100.00
140	100.00
141	100.00
142	100.00
143	100.00
144	100.00
145	100.00
146	100.00
147	100.00
148	100.00
149	100.00
150	100.00
151	100.00
152	99.05
153	96.19
154	96.19
155	96.19
156	96.19
157	96.19
158	96.19
159	96.19
160	96.19
161	96.19
162	96.19
163	96.19
164	96.19
165	96.19
166	96.19
167	96.19
168	96.19
169	96.19
170	96.19
171	96.19
172	96.19
173	97.14
174	99.05
175	98.10
176	97.14
177	97.14
178	97.14
179	97.14
180	97.14
181	97.14
182	97.14
183	97.14
184	97.14
185	97.14
186	97.14
187	97.14
188	97.14
189	97.14
190	97.14
191	97.14
192	97.14
193	97.14
194	97.14
195	98.10
196	99.05
197	100.00
198	100.00
199	100.00
200	100.00
201	100.00
202	100.00
203	100.00
204	100.00
205	100.00
206	100.00
207	100.00
208	100.00
209	100.00
210	100.00
211	100.00
212	100.00
