10 0.069
11 0.657
12 1.336
13 1.629
14 1.904
15 2.831
16 3.096
17 3.218
18 4.144
19 4.673
20 4.725
21 4.647
22 5.114
23 6.117
24 6.956
25 6.864
26 6.676
27 6.006
28 6.135
29 6.857
30 7.328
31 7.553
32 8.821
33 8.761
34 8.921
35 8.876
36 9.214
37 8.152
38 7.624
39 7.154
40 7.573
41 7.294
42 6.902
43 7.148
44 8.109
45 8.477
46 9.053
47 8.522
48 7.781
49 7.063
50 7.780
51 7.595
52 8.773
53 9.042
54 9.970
55 10.080
56 10.630
57 10.833
58 10.527
59 10.316
60 10.188
61 9.810
62 9.275
63 9.282
64 9.973
65 9.780
66 10.246
67 10.113
68 10.706
69 10.147
70 9.833
71 9.913
72 9.608
73 10.013
74 9.511
75 9.044
76 8.675
77 8.863
78 8.458
79 8.088
80 8.505
81 8.580
82 8.608
83 8.224
84 8.088
85 8.391
86 8.555
87 8.258
88 8.129
89 7.423
90 6.428
91 7.109
92 7.052
93 7.516
94 7.817
95 8.508
96 7.977
97 7.654
98 8.124
99 8.351
100 8.602
101 8.626
102 9.276
103 10.092
104 10.161
105 10.886
106 11.082
107 11.391
108 12.695
109 13.306
110 12.503
111 11.975
112 11.650
113 11.761
114 11.944
115 12.178
116 12.350
117 11.937
118 11.613
119 11.430
120 11.219
121 10.642
122 10.546
123 9.930
124 9.161
125 8.536
126 7.729
127 6.983
128 5.638
129 6.205
130 5.830
131 5.334
132 4.594
133 3.685
134 3.118
135 3.091
136 3.105
137 3.530
138 4.164
139 4.745
140 4.602
141 4.786
142 5.624
143 6.320
144 6.638
145 6.815
146 6.505
147 6.991
148 6.354
149 6.390
150 5.529
151 5.806
152 5.970
153 6.470
154 6.272
155 6.073
156 6.752
157 6.045
158 6.003
159 6.997
160 7.532
161 7.467
162 7.278
163 6.925
164 7.532
165 8.109
166 8.545
167 8.727
168 8.511
169 8.851
170 8.693
171 9.119
172 8.960
173 8.733
174 7.963
175 7.497
176 7.581
177 7.915
178 8.190
179 7.944
180 8.915
181 9.247
182 10.122
183 10.094
184 10.359
185 10.818
186 11.553
187 12.139
188 13.063
189 12.708
190 12.406
191 12.871
192 12.986
193 13.636
194 13.313
195 12.878
196 11.972
197 11.113
198 11.141
199 10.456
200 10.484
201 9.625
202 9.298
203 8.186
204 7.334
205 7.388
206 6.734
207 6.579
208 6.509
209 7.068
210 6.922
211 7.568
212 7.791
213 7.903
214 7.922
215 8.362
216 8.756
217 8.449
218 8.615
219 9.164
220 10.086
221 10.732
222 11.804
223 11.905
224 11.853
225 12.702
226 12.409
227 13.156
228 12.573
229 12.028
230 11.197
231 10.272
232 9.944
233 9.578
234 9.201
235 9.354
236 9.851
237 9.644
238 9.196
239 9.201
240 8.752
241 8.178
242 8.287
243 8.438
244 7.669
245 7.477
246 6.899
247 6.787
248 7.053
249 7.260
250 7.988
251 8.939
252 9.724
253 10.511
254 11.018
255 10.843
256 10.765
257 10.539
258 10.082
259 10.063
260 10.230
261 10.452
262 10.908
263 11.506
264 11.417
265 11.058
266 10.370
267 9.545
268 9.423
269 9.377
270 9.075
271 8.983
272 8.518
273 8.206
274 8.325
275 8.900
276 8.877
277 9.304
278 8.687
279 9.113
280 9.554
281 8.869
282 9.518
283 9.605
284 10.363
285 10.399
286 10.624
287 10.599
288 10.445
289 10.790
290 10.350
291 10.067
292 10.198
293 10.885
294 10.910
295 11.761
296 11.947
297 12.662
298 12.243
299 11.977
300 12.546
301 12.290
302 12.605
303 11.758
304 11.356
305 10.580
306 9.892
307 9.250
308 8.814
309 8.666
310 8.284
311 8.187
312 8.129
313 7.259
314 7.207
315 6.982
316 6.175
317 5.702
318 5.777
319 4.787
320 3.814
321 3.530
322 3.138
323 2.941
324 2.709
325 3.245
326 3.539
327 3.113
328 2.909
329 2.183
330 1.423
331 0.689
332 0.635
333 0.321
334 -0.012
335 0.030
336 -0.100
337 -0.386
338 0.039
339 0.647
340 0.743
341 1.765
342 3.073
343 4.535
344 5.688
345 7.112
346 8.644
347 10.303
348 12.236
349 13.254
350 13.862
351 13.921
352 14.092
353 14.294
354 14.067
355 14.356
356 12.964
357 12.717
358 12.851
359 12.764
360 12.322
361 12.125
362 11.657
363 11.385
364 11.886
365 12.662
366 12.465
367 12.621
368 12.885
369 13.560
370 14.075
371 14.280
372 15.000
373 15.354
374 15.601
375 16.454
376 16.767
