10 0.134
11 0.057
12 0.071
13 -0.479
14 -0.518
15 -0.613
16 -0.552
17 -0.128
18 0.098
19 0.735
20 2.084
21 3.497
22 5.138
23 6.856
24 6.999
25 7.823
26 8.296
27 8.740
28 8.529
29 8.452
30 7.726
31 7.175
32 7.579
33 7.475
34 7.090
35 7.006
36 7.210
37 7.586
38 7.917
39 7.691
40 7.094
41 6.431
42 6.463
43 7.273
44 8.235
45 8.909
46 9.388
47 9.471
48 9.433
49 9.617
50 9.569
51 8.737
52 8.165
53 8.053
54 8.522
55 8.228
56 8.611
57 8.468
58 9.163
59 10.267
60 10.809
61 10.960
62 10.927
63 10.403
64 10.380
65 9.779
66 10.059
67 10.175
68 8.996
69 8.861
70 8.936
71 9.373
72 9.407
73 9.520
74 9.635
75 9.277
76 9.443
77 9.308
78 8.394
79 8.211
80 8.100
81 8.602
82 9.091
83 9.052
84 9.112
85 8.372
86 8.059
87 9.207
88 8.789
89 8.475
90 8.648
91 8.978
92 8.138
93 8.166
94 8.921
95 9.318
96 8.933
97 8.812
98 8.661
99 8.471
100 8.600
101 7.844
102 8.319
103 9.233
104 9.779
105 9.939
106 9.608
107 9.862
108 10.620
109 10.791
110 10.678
111 10.944
112 10.409
113 10.380
114 9.889
115 10.313
116 10.123
117 9.945
118 9.666
119 9.276
120 9.924
121 9.359
122 9.059
123 10.108
124 10.463
125 10.455
126 10.631
127 10.478
128 10.376
129 11.131
130 10.888
131 11.615
132 10.577
133 10.670
134 10.204
135 10.502
136 10.222
137 10.603
138 9.774
139 8.821
140 8.230
141 7.651
142 6.529
143 6.360
144 5.728
145 5.824
146 5.884
147 5.724
148 5.608
149 5.836
150 5.711
151 6.412
152 6.518
153 7.918
154 8.735
155 9.184
156 9.083
157 9.108
158 9.348
159 9.235
160 9.242
161 10.005
162 9.840
163 9.734
164 10.534
165 11.727
166 12.885
167 13.868
168 14.499
169 14.604
170 14.483
171 14.162
172 13.604
173 12.274
174 11.817
175 10.928
176 9.750
177 8.994
178 8.233
179 7.701
180 7.190
181 6.895
182 6.792
183 6.176
184 5.186
185 4.233
186 4.712
187 5.315
188 5.317
189 5.223
190 5.371
191 5.499
192 5.950
193 6.000
194 6.649
195 7.022
196 6.361
197 7.011
198 7.093
199 7.027
200 7.246
201 7.933
202 7.719
203 8.270
204 8.028
205 7.181
206 6.574
207 6.908
208 7.410
209 7.492
210 6.894
211 6.636
212 6.708
213 5.899
214 5.870
215 6.184
216 5.516
217 5.361
218 5.447
219 5.833
220 5.617
221 5.797
222 5.056
223 5.436
224 5.116
225 4.241
226 2.859
227 1.686
228 0.634
229 -0.424
230 -0.492
231 -1.525
232 -1.666
233 -1.986
234 -2.576
235 -2.254
236 -1.939
237 -1.932
