11	53.33
12	55.24
13	57.14
14	59.05
15	60.95
16	62.86
17	64.76
18	66.67
19	68.57
20	70.48
21	72.38
22	74.29
23	76.19
24	78.10
25	80.00
26	81.90
27	83.81
28	85.71
29	87.62
30	91.43
31	95.24
32	100.00
33	100.00
34	100.00
35	100.00
36	100.00
37	100.00
38	100.00
39	100.00
40	100.00
41	100.00
42	100.00
43	100.00
44	100.00
45	100.00
46	100.00
47	100.00
48	100.00
49	100.00
50	100.00
51	100.00
52	100.00
53	100.00
54	100.00
55	100.00
56	100.00
57	100.00
58	100.00
59	100.00
60	100.00
61	100.00
62	100.00
63	100.00
64	100.00
65	100.00
66	100.00
67	100.00
68	100.00
69	100.00
70	100.00
71	100.00
72	100.00
73	100.00
74	100.00
75	100.00
76	100.00
77	100.00
78	100.00
79	100.00
80	100.00
81	100.00
82	100.00
83	100.00
84	100.00
85	100.00
86	100.00
87	100.00
88	100.00
89	100.00
90	100.00
91	100.00
92	100.00
93	100.00
94	100.00
95	100.00
96	100.00
97	100.00
98	100.00
99	100.00
100	100.00
101	100.00
102	100.00
103	100.00
104	100.00
105	100.00
106	100.00
107	100.00
108	100.00
109	100.00
110	100.00
111	100.00
112	100.00
113	100.00
114	100.00
115	100.00
116	100.00
117	100.00
118	100.00
119	100.00
120	100.00
121	100.00
122	100.00
123	100.00
124	100.00
125	100.00
126	100.00
127	100.00
128	100.00
129	100.00
130	100.00
131	100.00
132	100.00
133	100.00
134	100.00
135	100.00
136	100.00
137	100.00
138	100.00
139	100.00
140	100.00
141	100.00
142	100.00
143	100.00
144	100.00
145	100.00
146	100.00
147	100.00
148	100.00
149	100.00
150	100.00
151	100.00
152	100.00
153	100.00
154	100.00
155	100.00
156	100.00
157	100.00
158	100.00
159	100.00
160	100.00
161	100.00
162	100.00
163	100.00
164	100.00
165	100.00
166	100.00
167	100.00
168	100.00
169	100.00
170	100.00
171	100.00
172	100.00
173	100.00
174	100.00
175	100.00
176	100.00
177	100.00
178	100.00
179	100.00
180	100.00
181	100.00
182	100.00
183	100.00
184	100.00
185	100.00
186	100.00
187	100.00
188	100.00
189	100.00
190	100.00
191	100.00
192	100.00
193	100.00
194	100.00
195	100.00
196	100.00
197	100.00
198	100.00
199	100.00
200	100.00
201	100.00
202	100.00
203	100.00
204	100.00
205	100.00
206	100.00
207	100.00
208	100.00
209	100.00
210	100.00
211	100.00
212	100.00
213	100.00
214	100.00
215	100.00
216	100.00
217	100.00
218	100.00
219	100.00
220	100.00
221	100.00
222	100.00
223	100.00
224	100.00
225	100.00
226	100.00
227	100.00
228	100.00
229	100.00
230	100.00
231	100.00
232	100.00
233	100.00
234	100.00
235	100.00
236	100.00
237	100.00
238	100.00
239	100.00
240	100.00
241	100.00
242	100.00
243	100.00
244	100.00
245	100.00
246	100.00
247	100.00
248	100.00
249	100.00
250	100.00
251	100.00
252	100.00
253	100.00
254	100.00
255	100.00
256	100.00
257	100.00
258	100.00
259	100.00
260	100.00
261	100.00
262	100.00
263	100.00
264	100.00
265	100.00
266	100.00
267	100.00
268	100.00
269	100.00
270	100.00
271	100.00
272	100.00
273	100.00
274	100.00
275	100.00
276	100.00
277	100.00
278	100.00
279	100.00
280	100.00
281	100.00
282	100.00
283	100.00
284	100.00
285	100.00
286	100.00
287	100.00
288	100.00
289	100.00
290	100.00
291	100.00
292	100.00
293	100.00
294	100.00
295	100.00
296	100.00
297	100.00
298	100.00
299	100.00
300	100.00
301	100.00
302	100.00
303	100.00
304	100.00
305	100.00
306	100.00
307	100.00
308	100.00
309	100.00
310	100.00
311	100.00
312	100.00
313	100.00
314	100.00
315	100.00
316	100.00
317	100.00
318	100.00
319	100.00
320	100.00
321	100.00
322	100.00
323	100.00
324	100.00
325	100.00
326	100.00
327	100.00
328	100.00
329	100.00
330	100.00
331	100.00
332	100.00
333	100.00
334	100.00
335	100.00
336	100.00
337	100.00
338	100.00
339	100.00
340	100.00
341	100.00
342	100.00
343	100.00
344	100.00
345	100.00
346	100.00
347	100.00
348	100.00
349	100.00
350	100.00
351	100.00
352	100.00
353	100.00
354	100.00
355	100.00
356	100.00
357	100.00
358	100.00
359	100.00
360	100.00
361	100.00
362	100.00
363	100.00
364	100.00
365	100.00
366	100.00
367	100.00
368	100.00
369	100.00
370	100.00
371	100.00
372	100.00
373	100.00
374	100.00
375	100.00
376	98.10
377	98.10
378	98.10
379	98.10
380	98.10
381	98.10
382	98.10
383	98.10
384	98.10
385	98.10
386	98.10
387	98.10
388	98.10
389	98.10
390	98.10
391	98.10
392	98.10
393	98.10
394	98.10
395	98.10
396	98.10
397	97.14
398	97.14
399	97.14
400	97.14
401	97.14
402	97.14
403	97.14
404	97.14
405	97.14
406	97.14
407	97.14
408	97.14
409	97.14
410	97.14
411	97.14
412	97.14
413	97.14
414	97.14
415	97.14
416	97.14
417	97.14
418	100.00
419	100.00
420	100.00
421	100.00
422	100.00
423	100.00
424	100.00
425	100.00
426	100.00
427	100.00
428	100.00
429	100.00
430	100.00
431	100.00
432	100.00
433	100.00
434	100.00
435	100.00
436	100.00
437	100.00
438	100.00
439	100.00
440	100.00
441	100.00
442	100.00
443	100.00
444	100.00
445	100.00
446	100.00
447	100.00
448	100.00
449	100.00
450	100.00
451	100.00
452	100.00
453	100.00
454	100.00
455	100.00
456	100.00
457	100.00
458	100.00
459	100.00
460	100.00
461	100.00
462	100.00
463	100.00
464	100.00
465	100.00
466	100.00
467	100.00
468	100.00
469	100.00
470	100.00
471	100.00
472	100.00
473	100.00
474	100.00
475	100.00
476	100.00
477	100.00
478	100.00
479	100.00
480	100.00
481	100.00
482	100.00
483	100.00
484	100.00
485	100.00
486	100.00
487	100.00
488	100.00
489	100.00
490	100.00
491	100.00
492	100.00
493	100.00
494	100.00
495	100.00
496	100.00
497	100.00
498	100.00
499	100.00
500	100.00
501	100.00
502	100.00
503	100.00
504	100.00
505	100.00
506	100.00
507	100.00
508	100.00
509	100.00
510	100.00
511	100.00
512	100.00
513	100.00
514	100.00
515	100.00
516	100.00
517	100.00
518	100.00
519	100.00
520	100.00
521	100.00
522	100.00
523	100.00
524	100.00
525	100.00
526	100.00
527	100.00
528	100.00
529	100.00
530	100.00
531	100.00
532	100.00
533	100.00
534	100.00
535	100.00
536	100.00
537	100.00
538	100.00
539	100.00
540	100.00
541	100.00
542	100.00
543	100.00
544	100.00
545	100.00
546	100.00
547	100.00
548	100.00
549	100.00
550	100.00
551	100.00
552	100.00
553	100.00
554	100.00
555	100.00
556	100.00
557	100.00
558	100.00
559	100.00
560	100.00
561	100.00
562	100.00
563	100.00
564	100.00
565	100.00
566	100.00
567	100.00
568	100.00
569	100.00
570	100.00
571	100.00
572	100.00
573	100.00
574	100.00
575	100.00
576	100.00
577	100.00
578	100.00
579	100.00
580	100.00
581	100.00
582	100.00
583	100.00
584	100.00
