11	52.38
12	52.38
13	54.29
14	56.19
15	58.10
16	60.00
17	61.90
18	63.81
19	65.71
20	67.62
21	69.52
22	71.43
23	73.33
24	75.24
25	77.14
26	79.05
27	80.95
28	82.86
29	85.71
30	88.57
31	93.33
32	98.10
33	100.00
34	100.00
35	100.00
36	100.00
37	100.00
38	100.00
39	100.00
40	100.00
41	98.10
42	96.19
43	94.29
44	92.38
45	90.48
46	88.57
47	86.67
48	84.76
49	82.86
50	80.95
51	79.05
52	77.14
53	75.24
54	73.33
55	71.43
56	69.52
57	67.62
58	65.71
59	63.81
60	61.90
61	60.00
62	60.00
63	60.00
64	60.00
65	60.00
66	60.00
67	60.00
68	60.00
69	60.00
70	60.00
71	60.00
72	60.00
73	60.00
74	60.00
75	60.00
76	60.00
77	60.00
78	60.00
79	60.00
80	60.00
81	60.00
82	60.00
83	60.00
84	60.00
85	60.00
86	60.00
87	60.00
88	58.10
89	56.19
90	54.29
91	56.19
92	58.10
93	60.00
94	61.90
95	63.81
96	65.71
97	65.71
98	67.62
99	69.52
100	71.43
101	73.33
102	75.24
103	77.14
104	79.05
105	80.95
106	82.86
107	84.76
108	86.67
109	90.48
110	94.29
111	98.10
112	94.29
113	92.38
114	91.43
115	90.48
116	89.52
117	89.52
118	91.43
119	91.43
120	91.43
121	91.43
122	91.43
123	91.43
124	91.43
125	91.43
126	91.43
127	91.43
128	91.43
129	91.43
130	91.43
131	91.43
132	91.43
133	95.24
134	97.14
135	98.10
136	99.05
137	100.00
138	97.14
139	97.14
140	97.14
141	97.14
142	97.14
143	97.14
144	97.14
145	97.14
146	97.14
147	97.14
148	97.14
149	97.14
150	97.14
151	97.14
152	97.14
153	97.14
154	97.14
155	97.14
156	97.14
157	97.14
158	97.14
159	99.05
160	97.14
161	97.14
162	97.14
163	97.14
164	97.14
165	97.14
166	97.14
167	97.14
168	97.14
169	97.14
170	97.14
171	97.14
172	97.14
173	97.14
174	97.14
175	97.14
176	97.14
177	97.14
178	97.14
179	97.14
180	98.10
181	100.00
182	100.00
183	100.00
184	100.00
185	100.00
186	100.00
187	100.00
188	100.00
189	100.00
190	100.00
191	100.00
192	100.00
193	100.00
194	100.00
195	100.00
196	100.00
197	100.00
198	100.00
199	100.00
200	100.00
201	100.00
202	100.00
203	100.00
204	100.00
205	100.00
206	100.00
207	100.00
208	100.00
209	100.00
210	100.00
211	100.00
212	100.00
213	100.00
214	100.00
215	100.00
216	100.00
217	100.00
218	100.00
219	100.00
220	100.00
221	100.00
222	100.00
223	100.00
224	100.00
225	100.00
226	100.00
227	100.00
228	100.00
229	100.00
230	100.00
231	100.00
232	100.00
233	100.00
234	100.00
235	100.00
236	100.00
237	100.00
238	100.00
239	100.00
240	100.00
241	100.00
242	100.00
243	100.00
244	100.00
245	100.00
246	100.00
247	100.00
248	100.00
249	100.00
250	100.00
251	100.00
252	100.00
253	100.00
254	100.00
255	100.00
256	100.00
257	100.00
258	100.00
259	100.00
260	100.00
261	100.00
262	100.00
263	100.00
264	100.00
265	100.00
266	100.00
267	100.00
268	100.00
269	100.00
270	100.00
271	100.00
272	100.00
273	100.00
274	100.00
275	100.00
276	100.00
277	100.00
278	100.00
279	100.00
280	100.00
281	100.00
282	100.00
283	100.00
284	100.00
285	100.00
286	100.00
287	100.00
288	100.00
289	100.00
290	100.00
291	100.00
292	100.00
293	100.00
294	100.00
295	100.00
296	100.00
297	100.00
298	100.00
299	100.00
300	100.00
301	100.00
302	100.00
303	100.00
304	100.00
305	100.00
306	100.00
307	100.00
308	100.00
309	100.00
310	100.00
311	100.00
312	100.00
313	100.00
314	100.00
315	100.00
316	100.00
317	100.00
318	100.00
319	100.00
320	100.00
321	100.00
322	100.00
323	100.00
324	100.00
325	100.00
326	100.00
327	100.00
328	100.00
329	100.00
330	100.00
331	100.00
332	100.00
333	100.00
334	100.00
335	100.00
336	100.00
337	100.00
338	100.00
339	100.00
340	100.00
341	100.00
342	100.00
343	100.00
344	100.00
345	100.00
346	100.00
347	100.00
348	100.00
349	100.00
350	100.00
351	100.00
352	100.00
353	100.00
354	100.00
355	100.00
356	100.00
357	100.00
358	100.00
359	100.00
360	100.00
361	100.00
362	100.00
363	100.00
364	100.00
365	100.00
366	100.00
367	100.00
368	100.00
369	100.00
370	100.00
371	100.00
372	100.00
373	100.00
374	100.00
375	100.00
376	100.00
377	100.00
378	100.00
379	100.00
380	100.00
381	100.00
382	100.00
383	100.00
384	100.00
385	100.00
386	100.00
387	100.00
388	100.00
389	100.00
390	100.00
391	100.00
392	100.00
393	100.00
394	100.00
395	100.00
396	100.00
397	100.00
398	100.00
399	100.00
400	100.00
401	100.00
402	100.00
403	100.00
404	100.00
405	100.00
406	100.00
407	100.00
408	100.00
409	100.00
410	100.00
411	100.00
412	100.00
413	100.00
414	98.10
415	96.19
416	94.29
417	93.33
418	92.38
419	91.43
420	90.48
421	90.48
422	90.48
423	90.48
424	90.48
425	90.48
426	90.48
427	90.48
428	90.48
429	90.48
430	90.48
431	90.48
432	90.48
433	90.48
434	90.48
435	92.38
436	94.29
437	96.19
438	95.24
439	94.29
440	93.33
441	92.38
442	92.38
443	92.38
444	92.38
445	92.38
446	92.38
447	92.38
448	92.38
449	92.38
450	92.38
451	92.38
452	92.38
453	92.38
454	92.38
455	92.38
456	92.38
457	92.38
458	90.48
459	89.52
460	88.57
461	87.62
462	85.71
463	81.90
464	78.10
465	74.29
466	70.48
467	66.67
468	65.71
469	64.76
470	64.76
471	64.76
472	64.76
473	62.86
474	62.86
475	62.86
476	62.86
477	62.86
478	62.86
479	64.76
480	67.62
481	70.48
482	73.33
483	77.14
484	80.95
485	84.76
486	88.57
487	91.43
488	94.29
489	92.38
490	90.48
491	88.57
492	86.67
493	84.76
494	84.76
495	82.86
496	80.95
497	79.05
498	77.14
499	75.24
500	73.33
501	71.43
502	69.52
503	67.62
504	65.71
505	63.81
506	61.90
507	60.00
508	59.05
509	58.10
510	59.05
511	60.00
512	60.00
513	60.00
514	60.00
515	60.00
516	60.00
517	60.00
518	60.00
519	60.00
520	60.00
521	60.00
522	60.00
523	60.00
524	60.00
525	60.00
526	60.00
527	60.00
528	60.00
529	60.00
530	60.00
531	60.00
532	60.00
533	60.00
534	60.00
535	60.00
536	60.00
537	60.00
538	60.00
539	60.00
540	60.00
541	60.00
542	60.00
543	60.00
544	60.00
545	60.00
546	60.00
547	60.00
548	60.00
549	60.00
550	60.00
551	60.00
552	60.00
553	60.00
554	60.00
555	60.00
556	60.00
557	60.00
558	60.00
559	60.00
560	60.00
561	60.00
562	60.00
563	60.00
564	60.00
565	60.00
566	60.00
567	60.00
568	60.00
569	60.00
570	60.00
571	60.00
572	60.00
573	60.00
574	60.00
575	60.00
576	60.00
577	60.00
578	60.00
579	60.00
580	60.00
581	60.00
582	60.00
583	60.00
584	60.00
585	60.00
586	60.00
587	60.00
588	60.00
589	60.00
590	60.00
591	60.00
592	60.00
593	60.00
594	60.00
595	60.00
596	60.00
597	60.00
598	60.00
599	60.00
600	60.00
601	60.00
602	60.00
603	60.00
604	60.00
605	60.00
606	60.00
607	60.00
608	60.00
609	60.00
610	60.00
611	60.00
612	60.00
613	60.00
614	60.00
615	60.00
616	60.00
617	60.00
618	60.00
619	60.00
620	60.00
621	60.00
622	60.00
623	60.00
624	60.00
625	60.00
626	60.00
627	60.00
628	60.00
629	60.00
630	60.00
631	60.00
632	60.00
633	60.00
634	60.00
635	60.00
636	60.00
637	60.00
638	60.00
639	60.00
640	60.00
641	60.00
642	60.00
643	60.00
644	60.00
645	60.00
646	60.00
647	60.00
648	60.00
649	60.00
650	60.00
651	60.00
652	60.00
653	60.00
654	60.00
655	60.00
656	60.00
657	60.00
658	60.00
659	60.00
660	60.00
661	60.00
662	60.00
663	60.00
664	60.00
665	60.00
666	60.00
667	60.00
668	60.00
669	60.00
670	60.00
671	60.00
672	60.00
673	60.00
674	60.00
675	60.00
676	60.00
677	60.00
678	60.00
679	60.00
680	60.00
681	60.00
682	60.00
683	60.00
684	60.00
685	60.00
686	60.00
687	60.00
688	60.00
689	60.00
690	60.00
691	60.00
692	60.00
693	60.00
694	60.00
695	60.00
696	60.00
697	60.00
698	60.00
699	60.00
700	60.00
701	60.00
702	60.00
703	60.00
704	60.00
705	60.00
706	60.00
707	60.00
708	60.00
709	60.00
710	60.00
711	60.00
712	60.00
713	60.00
714	60.00
715	60.00
716	60.00
717	60.00
718	60.00
719	60.00
720	60.00
721	60.00
722	60.00
723	60.00
724	60.00
725	60.00
726	60.00
727	60.00
728	60.00
729	60.00
730	60.00
731	60.00
732	60.00
733	60.00
734	60.00
735	60.00
736	60.00
737	60.00
738	60.00
739	60.00
740	60.00
741	60.00
742	60.00
743	60.00
744	60.00
745	60.00
746	60.00
747	60.00
748	60.00
749	60.00
750	60.00
751	60.00
752	60.00
753	60.00
754	60.00
755	60.00
756	60.00
757	60.00
758	60.00
759	60.00
760	60.00
761	60.00
762	60.00
763	60.00
764	60.00
765	60.00
766	60.00
767	60.00
768	60.00
769	60.00
770	60.00
771	60.00
772	60.00
773	60.00
774	61.90
775	63.81
776	65.71
777	67.62
778	67.62
779	69.52
780	71.43
781	73.33
782	75.24
783	77.14
784	79.05
785	80.95
786	82.86
787	84.76
788	86.67
789	88.57
790	90.48
791	92.38
792	94.29
793	96.19
794	96.19
795	96.19
796	96.19
797	96.19
798	96.19
799	98.10
800	98.10
801	98.10
802	98.10
803	98.10
804	98.10
805	98.10
806	98.10
807	98.10
808	98.10
809	98.10
810	98.10
811	98.10
812	98.10
813	98.10
814	98.10
815	100.00
816	100.00
817	100.00
818	100.00
819	100.00
820	100.00
821	100.00
822	100.00
823	100.00
824	100.00
825	100.00
826	100.00
827	100.00
828	100.00
829	100.00
830	100.00
831	100.00
832	100.00
833	100.00
834	100.00
835	100.00
836	100.00
837	100.00
838	100.00
839	100.00
840	100.00
841	100.00
842	100.00
843	100.00
844	100.00
845	100.00
