10 8.888
11 9.208
12 9.658
13 9.189
14 9.609
15 9.342
16 9.124
17 7.813
18 7.264
19 6.308
20 5.870
21 5.531
22 5.418
23 5.831
24 6.868
25 7.554
26 7.355
27 8.041
28 8.404
29 8.269
30 8.182
31 7.931
32 7.744
33 7.793
34 7.966
35 8.168
36 8.791
37 9.025
38 9.589
39 9.558
40 9.020
41 8.406
42 8.416
43 7.683
44 7.814
45 8.157
46 8.020
47 7.723
48 7.090
49 7.061
50 6.996
51 6.449
52 6.137
53 5.578
54 5.258
55 4.519
56 3.924
57 2.696
58 2.331
59 1.439
60 0.709
61 0.099
62 -0.576
63 -1.353
64 -1.803
65 -1.705
66 -1.474
67 -1.627
68 -2.162
69 -2.266
70 -1.627
71 -1.850
72 -0.550
73 0.053
74 1.866
75 3.277
76 3.878
77 4.645
78 6.156
79 7.255
80 7.382
81 8.327
82 9.281
83 10.173
84 10.979
85 12.111
86 13.169
87 13.375
88 12.868
89 12.686
90 12.281
91 11.067
92 10.696
93 9.045
94 8.092
95 7.371
96 7.389
97 6.910
98 6.478
99 6.794
100 6.834
101 6.867
102 7.716
103 8.880
104 9.127
105 9.376
106 9.805
107 11.018
108 10.688
109 10.689
110 9.651
111 8.953
112 8.401
113 7.613
114 7.606
115 7.657
116 8.318
117 8.427
118 8.683
119 8.632
120 8.615
121 8.473
122 7.946
123 7.897
124 8.086
125 8.520
126 8.358
127 9.057
128 9.460
129 10.432
130 10.820
131 11.923
132 12.814
133 13.721
134 13.603
135 12.820
136 13.233
137 12.745
138 12.855
139 11.776
140 10.861
141 10.848
142 11.142
143 10.675
144 9.856
145 9.288
146 8.313
147 7.440
148 7.139
149 6.527
150 5.916
151 5.721
152 5.289
153 6.013
154 6.736
155 6.497
156 6.936
157 7.014
158 7.913
159 8.355
160 8.995
161 8.967
162 8.971
163 8.831
164 9.148
165 9.030
166 9.014
167 9.097
168 8.351
169 8.223
170 7.663
171 7.702
172 6.697
173 6.638
174 6.902
175 7.086
