10 0.790
11 1.132
12 0.736
13 1.061
14 1.669
15 2.494
16 3.591
17 4.522
18 5.467
19 6.547
20 6.993
21 7.412
22 8.072
23 8.522
24 9.224
25 10.145
26 10.443
27 10.940
28 11.293
29 11.926
30 11.353
31 11.471
32 10.899
33 10.759
34 9.754
35 9.195
36 9.743
37 9.310
38 9.193
39 9.481
40 10.727
41 10.764
42 10.970
43 10.334
44 9.741
45 9.904
46 9.160
47 8.686
48 7.294
49 7.759
50 8.018
51 8.500
52 8.644
53 8.869
54 8.084
55 7.114
56 7.630
57 7.450
58 7.265
59 7.308
60 7.042
61 6.293
62 6.082
63 5.448
64 4.467
65 5.147
66 6.317
67 7.704
68 7.654
69 7.040
70 7.269
71 7.098
72 7.544
73 8.037
74 9.458
75 9.221
76 9.587
77 9.898
78 10.129
79 11.101
80 11.525
81 11.250
82 11.906
83 12.634
84 12.152
85 11.813
86 10.816
87 9.848
88 10.152
89 9.350
90 9.309
91 9.551
92 9.609
93 9.550
94 10.082
95 10.054
96 10.181
97 10.778
98 10.054
99 10.489
100 11.067
101 10.866
102 10.089
103 9.138
104 8.772
105 9.015
106 9.711
107 9.208
108 9.976
109 9.514
110 9.378
111 9.140
112 8.805
113 8.330
114 8.316
115 8.093
116 6.883
117 6.615
118 6.210
119 6.201
120 6.504
121 6.773
122 7.368
123 7.984
124 8.078
125 8.353
126 9.037
127 8.258
128 8.452
129 8.003
130 8.131
131 7.462
132 6.866
133 6.888
134 6.976
135 7.751
136 8.133
137 7.759
138 8.067
139 8.725
140 10.035
141 10.849
142 10.692
143 10.737
144 10.742
145 10.076
146 10.314
147 9.881
148 10.705
149 10.472
150 11.240
151 11.357
152 10.725
153 10.359
154 10.051
155 10.211
156 10.461
157 9.598
158 9.472
159 9.217
160 8.930
161 9.372
162 10.119
163 9.893
164 10.559
165 10.908
166 10.831
167 10.402
168 10.659
169 10.741
170 10.854
171 10.589
172 10.868
173 10.073
174 9.306
175 8.494
176 7.642
177 6.761
178 6.132
179 5.655
180 5.669
181 5.829
182 6.186
183 5.949
184 5.921
185 7.016
186 7.258
187 7.405
188 7.414
189 7.956
190 8.857
191 8.506
192 7.950
193 7.665
194 7.299
195 7.231
196 6.217
197 5.030
198 5.181
199 5.453
200 6.300
201 7.324
202 7.849
203 8.931
204 9.102
205 9.643
206 10.313
207 10.338
208 9.804
209 9.037
210 8.212
211 8.234
212 7.969
213 7.963
214 8.591
215 9.943
216 11.419
217 11.549
218 11.789
219 11.044
220 10.174
221 10.139
222 9.665
223 9.374
224 9.402
225 8.684
226 8.100
227 8.025
228 7.783
229 7.464
230 7.639
231 7.500
232 7.415
233 7.315
234 7.571
235 7.736
236 8.102
237 8.717
238 9.084
239 9.947
240 10.093
241 9.925
242 10.128
243 9.901
244 9.619
245 10.252
246 9.887
247 10.078
248 10.575
249 9.527
250 8.287
251 8.107
252 7.381
253 6.187
254 5.580
255 5.477
256 5.511
257 5.657
258 6.217
259 6.481
260 6.273
261 6.343
262 6.586
263 7.556
264 7.406
265 7.041
266 7.128
267 6.871
268 7.247
269 7.258
270 7.076
271 7.029
272 6.835
273 6.626
274 6.974
275 6.327
276 6.843
277 6.661
278 6.940
279 6.736
280 6.432
281 6.408
282 5.309
283 4.957
284 5.860
285 5.291
286 5.932
287 5.929
288 7.169
289 7.559
290 7.609
291 7.383
292 7.290
293 7.219
294 7.377
295 6.788
296 6.639
297 6.675
298 7.367
299 8.013
300 8.628
301 9.973
302 11.253
303 12.561
304 13.479
305 13.436
306 14.680
307 13.830
308 13.078
309 13.033
310 12.565
311 11.514
312 9.928
313 8.712
314 8.255
315 7.652
316 7.684
317 7.915
318 7.396
319 7.738
320 7.030
321 6.801
322 6.542
323 7.390
324 7.792
325 7.652
326 7.736
327 8.459
328 7.747
329 8.526
330 9.150
331 9.617
332 9.434
333 8.473
334 7.623
335 7.172
336 6.799
337 6.335
338 5.662
339 6.366
340 6.524
341 6.670
342 6.521
343 6.967
344 7.072
345 7.220
346 7.893
347 9.215
348 9.174
349 9.880
350 10.084
351 10.985
352 11.619
353 11.974
354 11.650
355 11.633
356 11.459
357 11.774
358 10.757
359 10.140
360 9.200
361 7.865
362 7.162
363 6.777
364 6.529
365 6.061
366 6.799
367 7.539
368 7.523
369 7.906
370 8.646
371 9.212
372 9.915
373 10.748
374 10.779
375 11.004
376 10.523
377 10.022
378 10.184
379 10.687
380 10.373
381 9.686
382 9.550
383 10.234
384 10.827
385 10.918
386 11.314
387 11.767
388 11.504
389 10.503
390 10.810
391 10.131
392 9.747
393 9.363
394 8.884
395 8.772
396 9.465
397 9.562
398 9.564
399 10.530
400 10.812
401 11.298
402 10.710
403 9.725
404 8.858
405 8.409
406 8.229
407 8.140
408 8.442
409 8.351
410 9.768
411 10.416
412 11.507
413 12.272
414 12.466
415 11.569
416 11.567
417 10.752
418 9.916
419 9.753
420 8.154
421 7.477
422 7.122
423 7.261
424 7.397
425 6.558
426 6.913
427 7.561
428 7.300
429 6.172
430 5.642
431 5.304
432 5.240
433 4.867
434 5.332
435 4.544
436 4.206
437 3.967
438 3.899
439 4.762
440 5.446
441 5.239
442 5.097
443 4.587
444 4.992
445 5.576
446 4.637
447 5.042
448 5.388
449 6.141
450 6.618
451 6.472
452 6.440
453 5.600
454 5.474
455 6.267
456 6.499
457 6.446
458 6.494
459 6.863
460 7.531
461 7.750
462 7.940
463 8.016
464 7.258
465 7.308
466 7.569
467 8.480
468 8.514
469 9.010
470 8.700
471 8.440
472 8.266
473 8.520
474 8.218
475 8.627
476 9.101
477 9.155
478 9.085
479 9.537
480 10.163
481 9.879
482 9.402
483 9.037
484 9.581
485 9.351
486 8.780
487 8.139
488 7.872
489 8.483
490 9.231
491 9.925
492 9.458
493 9.155
494 8.539
495 8.409
496 8.502
497 8.199
498 8.131
499 7.834
500 8.083
501 8.037
502 7.917
503 7.619
504 6.910
505 7.377
506 7.409
507 7.714
508 7.714
509 7.323
510 7.739
511 7.840
512 7.566
513 8.038
514 7.258
515 7.302
516 7.146
517 6.634
518 6.915
519 7.660
520 8.196
521 8.124
522 8.374
523 8.349
524 7.902
525 8.316
526 7.239
527 6.677
528 7.253
529 6.923
530 7.190
531 6.836
532 6.135
533 6.890
534 6.513
535 6.584
536 6.802
537 6.706
538 6.795
539 7.658
540 8.984
541 9.743
542 10.134
543 9.624
544 9.832
545 10.568
546 10.529
547 9.745
548 9.403
549 9.128
550 9.242
551 8.711
552 7.846
553 6.886
554 7.015
555 7.028
556 6.798
557 6.400
558 6.004
559 4.906
560 4.006
561 4.585
562 5.822
563 6.073
564 6.306
565 7.285
566 7.495
567 8.068
568 8.139
569 7.998
570 8.062
571 7.850
572 7.398
573 6.637
574 6.430
575 6.438
576 6.846
577 6.385
578 6.856
579 6.924
580 6.669
581 5.856
582 5.286
583 4.992
584 4.979
585 6.087
586 5.841
587 5.976
588 6.990
589 7.444
590 8.521
591 9.813
592 10.311
593 10.614
594 10.610
595 9.883
596 9.691
597 9.654
598 10.606
599 10.739
600 11.078
601 10.662
602 10.032
603 8.307
604 7.088
605 5.658
606 5.708
607 5.326
608 5.690
609 5.455
610 5.304
611 6.169
612 6.425
613 6.329
614 7.017
615 7.527
616 7.249
617 6.893
618 6.823
619 7.037
620 7.264
621 7.343
622 8.434
623 8.561
624 9.222
625 8.523
626 8.517
627 8.203
628 8.589
629 8.582
630 7.873
631 7.703
632 8.071
633 8.306
634 8.350
635 8.359
636 8.271
637 7.567
638 6.769
639 7.168
640 7.045
641 6.736
642 6.810
643 6.256
644 7.382
645 7.245
646 7.545
647 7.888
648 8.698
649 9.004
650 9.046
651 8.698
652 8.256
653 7.593
654 7.195
655 7.176
656 7.254
657 7.134
658 7.126
659 7.759
660 7.442
661 7.628
662 8.475
663 8.627
664 8.837
665 8.436
666 7.491
667 6.763
668 6.219
669 5.910
670 5.823
671 5.538
672 5.241
673 4.317
674 4.565
675 4.851
676 5.479
677 6.159
678 6.439
679 6.728
680 7.401
681 7.216
682 7.405
683 7.473
684 8.140
685 8.897
686 9.112
687 9.472
688 9.332
689 8.925
690 7.689
691 7.758
692 8.216
693 7.518
694 7.579
695 8.161
696 8.104
697 8.033
698 7.805
699 8.073
700 8.172
701 7.616
702 7.402
703 7.277
704 6.821
705 7.130
706 7.283
707 7.295
708 7.570
709 7.880
710 8.414
711 7.936
712 7.994
713 7.598
714 7.043
715 6.344
716 6.597
717 6.797
718 6.388
719 6.307
720 6.494
721 7.306
722 7.011
723 7.782
724 7.754
725 8.437
726 8.665
727 8.241
728 8.671
729 7.795
730 7.915
731 8.250
732 8.565
733 8.641
734 8.956
735 8.823
736 8.856
737 8.925
738 9.268
739 10.078
740 10.098
741 10.116
742 9.651
743 9.813
744 8.892
745 8.769
746 9.317
747 9.363
748 9.634
749 9.680
750 8.825
751 7.948
752 7.339
753 7.602
754 7.390
755 7.378
756 6.876
757 7.545
758 6.516
759 6.830
760 7.505
761 7.509
762 7.829
763 8.326
764 9.117
765 8.869
766 8.658
767 8.234
768 7.490
769 7.647
770 7.450
771 7.906
772 8.270
773 8.500
774 8.491
775 8.180
776 8.071
777 8.124
778 7.579
779 7.344
780 7.582
781 7.573
782 8.537
783 9.142
784 9.401
785 9.706
786 10.243
787 10.423
788 10.119
789 9.956
790 9.273
791 8.620
792 8.735
793 8.475
794 8.226
795 7.656
796 7.892
797 7.187
798 7.382
799 7.783
800 7.477
801 7.737
802 6.971
803 7.691
804 7.293
805 7.532
806 6.877
807 6.463
808 6.726
809 7.255
810 7.443
811 7.408
812 7.260
813 7.307
814 6.472
815 6.534
816 7.256
817 6.476
818 5.608
819 6.038
820 5.270
821 5.272
822 4.308
823 4.947
824 4.140
825 4.567
826 4.486
827 4.592
828 4.979
829 5.752
830 6.826
831 7.357
832 7.170
833 7.520
834 7.473
835 6.742
836 7.297
837 8.043
838 8.286
839 8.459
840 8.842
841 9.248
842 9.295
843 9.748
844 10.249
845 10.661
846 10.682
847 10.364
848 9.310
849 8.024
850 8.174
851 8.073
852 8.008
853 8.097
854 9.152
855 8.927
856 8.926
857 9.351
858 10.276
859 11.243
860 11.777
861 11.830
862 12.391
863 12.453
864 12.734
865 12.232
866 11.161
867 11.250
868 11.262
869 10.689
870 11.086
871 10.761
872 10.672
873 10.209
874 10.753
875 11.627
876 11.332
877 11.784
878 10.814
879 11.358
880 11.525
881 11.893
882 11.318
883 10.293
884 9.640
885 9.540
886 8.827
887 8.415
888 8.279
889 8.009
890 7.900
891 7.310
892 6.850
893 6.540
894 5.797
895 6.667
896 7.007
897 8.588
898 8.083
899 8.769
900 8.362
901 9.157
902 9.015
903 9.353
904 9.760
905 9.594
906 9.376
907 9.338
908 9.010
909 8.718
910 9.015
911 8.839
912 8.586
913 8.833
914 8.055
915 7.123
916 5.854
917 6.101
918 5.876
919 6.356
920 6.516
921 7.728
922 7.623
923 7.646
924 8.345
925 8.392
926 8.168
927 7.991
928 8.304
929 8.154
930 8.101
931 7.840
932 6.985
933 6.738
934 6.245
935 5.609
936 4.125
937 2.963
938 1.837
939 0.689
940 -0.126
941 0.545
942 0.339
943 -0.121
944 -0.217
945 -0.551
946 -1.209
947 -1.479
948 -1.102
949 -0.762
950 -0.317
951 1.167
952 1.620
953 2.865
954 4.474
955 5.720
956 7.412
957 8.907
958 10.664
959 11.046
960 10.685
961 10.565
962 10.236
963 10.168
964 9.695
965 9.591
966 9.000
967 9.280
968 9.396
969 9.739
970 9.948
971 9.881
972 10.224
973 9.810
974 9.761
975 9.133
976 8.790
977 7.707
978 7.977
979 8.426
980 8.591
981 9.043
982 8.982
983 8.838
984 8.550
985 8.656
986 7.955
987 7.858
988 7.737
989 7.775
990 8.760
991 8.635
992 8.636
993 9.495
994 9.432
995 9.117
996 9.144
997 9.271
998 8.909
999 9.602
1000 10.376
1001 10.634
1002 11.482
1003 11.577
1004 11.758
1005 12.495
1006 12.668
1007 12.463
1008 12.173
1009 11.749
1010 11.595
1011 12.042
1012 11.776
1013 11.898
1014 12.152
1015 11.945
1016 12.253
1017 12.279
1018 12.081
1019 11.039
1020 10.784
1021 10.877
1022 11.449
1023 11.481
1024 11.458
1025 10.791
1026 9.940
1027 9.352
1028 8.958
1029 8.564
1030 8.196
1031 8.262
1032 8.382
1033 7.683
1034 8.101
1035 8.234
1036 8.912
1037 8.385
1038 8.296
1039 8.850
1040 8.962
1041 9.101
1042 8.860
1043 9.124
1044 9.150
1045 9.640
1046 9.042
1047 8.851
1048 8.292
1049 7.464
1050 7.705
1051 7.679
1052 8.298
1053 7.729
1054 7.388
1055 7.387
1056 7.841
1057 8.057
1058 8.214
1059 8.249
1060 8.319
1061 8.317
1062 7.587
1063 7.853
1064 7.626
1065 8.109
1066 7.976
1067 7.428
1068 7.290
1069 6.441
1070 6.335
1071 5.287
1072 6.047
1073 6.865
1074 6.322
1075 6.278
1076 6.600
1077 6.054
1078 5.702
1079 6.439
1080 6.369
1081 7.023
1082 6.955
1083 6.899
1084 6.653
1085 6.848
1086 7.477
1087 7.509
1088 6.864
1089 5.618
1090 5.926
1091 5.872
1092 5.589
1093 6.382
1094 7.325
1095 7.786
1096 8.333
1097 9.327
1098 9.167
1099 9.921
1100 10.003
1101 10.630
1102 11.286
1103 11.135
1104 11.110
1105 10.546
1106 10.027
1107 9.859
1108 10.164
1109 9.399
1110 9.036
1111 9.682
1112 9.635
1113 9.834
1114 10.180
1115 9.840
1116 8.437
1117 8.012
1118 8.308
1119 8.264
1120 7.630
1121 7.043
1122 7.193
1123 6.547
1124 6.845
1125 6.577
1126 6.813
1127 6.899
1128 7.597
1129 7.974
1130 7.667
1131 7.542
1132 7.653
1133 7.146
1134 6.960
1135 7.588
1136 7.175
1137 6.204
1138 5.114
1139 4.734
1140 4.695
1141 4.791
1142 4.747
1143 4.794
1144 5.718
1145 5.431
1146 5.330
1147 5.162
1148 4.440
1149 4.931
1150 5.001
1151 4.180
1152 4.441
1153 5.239
1154 5.303
1155 6.109
1156 6.123
1157 6.937
1158 7.901
1159 7.671
1160 7.303
1161 7.424
1162 8.096
1163 8.486
1164 9.138
1165 10.099
1166 11.006
1167 11.978
1168 11.903
1169 11.979
1170 12.004
1171 11.857
1172 10.802
1173 10.146
1174 9.911
1175 10.158
1176 10.365
1177 9.362
1178 10.057
1179 9.884
1180 9.444
1181 8.804
1182 7.988
1183 7.584
1184 7.094
1185 6.221
1186 5.216
1187 5.268
1188 5.962
1189 6.433
1190 6.913
1191 7.544
1192 8.037
1193 8.419
1194 8.826
1195 9.085
1196 9.026
1197 8.345
1198 8.226
1199 8.094
1200 8.579
1201 8.325
1202 8.387
1203 7.859
1204 8.193
1205 9.065
1206 8.950
1207 8.170
1208 7.744
1209 7.309
1210 7.737
1211 7.643
1212 7.153
1213 7.700
1214 7.281
1215 8.043
1216 7.716
1217 7.651
1218 7.441
1219 7.101
1220 6.918
1221 6.595
1222 6.932
1223 6.925
1224 7.214
1225 7.545
1226 8.360
1227 9.118
1228 9.532
1229 10.422
1230 11.510
1231 11.983
1232 11.833
1233 12.357
1234 11.703
1235 11.890
1236 11.128
1237 11.252
1238 10.532
1239 10.569
1240 10.260
1241 9.718
1242 9.341
1243 8.237
1244 8.755
1245 9.033
1246 7.912
1247 8.088
1248 7.298
1249 6.893
1250 6.937
1251 6.644
1252 6.318
1253 6.319
1254 6.409
1255 7.397
1256 7.601
1257 8.169
1258 8.323
1259 9.259
1260 9.170
1261 9.450
1262 9.663
1263 8.519
1264 7.282
1265 6.676
1266 6.280
1267 5.253
1268 4.243
1269 3.663
1270 3.623
1271 3.516
1272 3.295
1273 3.641
1274 4.004
1275 4.159
1276 5.308
1277 6.633
1278 6.803
1279 7.986
1280 8.136
1281 8.057
1282 8.828
1283 9.031
1284 9.155
1285 8.260
1286 8.331
1287 7.621
1288 6.879
1289 7.168
1290 6.998
1291 6.841
1292 6.386
1293 5.430
1294 5.004
1295 4.890
1296 5.326
1297 6.452
1298 6.339
1299 6.759
1300 7.858
1301 7.928
1302 8.554
1303 8.050
1304 7.779
1305 8.206
1306 8.663
1307 9.058
1308 8.416
1309 8.518
1310 8.590
1311 8.223
1312 8.867
1313 9.327
1314 8.799
1315 8.535
1316 8.958
1317 9.303
1318 9.385
1319 9.582
1320 9.720
1321 9.177
1322 9.918
1323 10.836
1324 9.704
1325 9.652
1326 9.927
1327 10.163
1328 9.555
1329 9.581
1330 9.328
1331 8.024
1332 7.071
1333 7.090
1334 7.020
1335 6.011
1336 5.791
1337 5.864
1338 5.595
1339 5.363
1340 5.142
1341 4.433
1342 4.065
1343 4.551
1344 5.504
1345 5.487
1346 5.806
1347 5.964
1348 5.688
1349 6.426
1350 6.680
1351 7.299
1352 7.270
1353 7.407
1354 7.740
1355 8.094
1356 7.475
1357 7.182
1358 7.232
1359 7.084
1360 6.789
1361 6.620
1362 6.926
1363 6.724
1364 7.122
1365 8.050
1366 8.350
1367 8.771
1368 9.031
1369 10.130
1370 10.313
1371 11.240
1372 11.855
1373 12.402
1374 13.002
1375 13.494
1376 13.515
1377 13.112
1378 13.039
1379 13.880
1380 13.122
1381 12.699
