10 5.818
11 5.219
12 4.411
13 3.630
14 2.771
15 1.626
16 1.108
17 0.778
18 0.632
19 0.623
20 0.914
21 0.599
22 1.041
23 1.640
24 1.918
25 2.974
26 2.880
27 4.124
28 4.963
29 5.500
30 6.172
31 6.923
32 7.679
33 7.971
34 8.780
35 9.073
36 9.903
37 10.511
38 10.515
39 10.764
40 11.361
41 12.076
42 12.052
43 12.085
44 12.062
45 11.879
46 11.435
47 11.308
48 11.156
49 10.843
50 10.693
51 9.725
52 9.017
53 8.123
54 9.107
55 8.462
56 7.692
57 8.617
58 8.466
59 7.976
60 8.040
61 8.319
62 7.804
63 7.333
64 7.082
65 6.263
66 6.344
67 6.720
68 7.091
69 6.869
70 7.011
71 7.009
72 6.756
73 6.290
74 6.310
75 6.778
76 6.196
77 5.791
78 6.096
79 6.424
80 6.481
81 7.146
82 7.736
83 8.772
84 8.972
85 8.801
86 8.383
87 7.454
88 7.732
89 8.739
90 9.747
91 10.716
92 11.399
93 11.965
94 12.039
95 12.643
96 13.351
97 13.081
98 12.116
99 11.244
100 10.052
101 9.041
102 8.297
103 8.320
104 8.765
105 9.280
106 10.661
107 10.531
108 10.239
109 10.333
110 10.273
111 9.287
112 9.131
113 8.750
114 8.618
115 8.149
116 7.646
117 8.395
118 8.807
119 9.184
120 9.639
121 9.627
122 9.628
123 9.099
124 8.773
125 8.701
126 8.912
127 8.802
128 8.715
129 8.786
130 9.424
131 9.408
132 8.971
133 8.007
134 7.247
135 7.018
136 6.567
137 6.410
138 6.292
139 6.291
140 6.398
141 5.818
142 5.761
143 5.643
144 4.894
145 4.199
146 3.971
147 4.055
148 3.749
149 3.521
150 3.867
151 4.771
152 5.504
153 6.548
154 7.853
155 7.938
156 8.551
157 9.284
158 9.716
159 10.108
160 11.421
161 13.002
162 13.925
163 14.788
164 15.231
165 15.092
166 15.051
167 15.408
168 14.479
169 13.605
170 12.997
171 11.830
172 10.959
173 9.943
174 9.847
175 9.086
176 8.310
177 7.622
178 7.614
179 7.170
180 6.044
181 5.185
182 4.677
183 4.759
184 4.595
185 4.710
186 5.016
187 5.174
188 5.858
189 5.835
190 6.615
191 6.883
192 7.682
193 7.622
194 8.105
195 8.956
196 9.094
197 8.607
198 8.169
199 8.212
200 8.314
201 8.363
202 8.565
203 8.595
204 8.059
205 7.952
206 7.992
207 7.236
208 6.762
209 6.622
210 5.499
211 4.858
212 5.286
213 5.347
214 5.029
215 5.809
216 7.030
217 7.273
218 7.696
219 7.859
220 8.822
221 9.124
222 8.841
223 8.707
224 8.653
225 8.138
226 7.520
227 6.756
228 6.096
229 5.907
230 5.311
231 5.231
232 4.621
233 4.680
234 4.904
235 4.631
236 5.301
237 6.054
238 7.004
239 7.720
240 8.286
241 10.096
242 10.506
243 10.392
244 10.915
245 11.449
246 12.377
247 11.856
248 12.849
249 12.858
250 12.190
251 12.792
252 13.004
253 12.559
254 11.797
255 11.131
256 9.946
257 9.491
258 9.441
259 9.178
260 8.396
261 8.939
262 9.249
263 9.549
264 9.720
265 9.662
266 10.203
267 8.992
268 8.771
269 8.464
270 7.605
271 6.836
272 5.790
273 6.142
274 5.253
275 5.142
276 4.937
277 4.375
278 5.304
279 5.798
280 5.998
281 6.570
282 6.603
283 6.686
284 6.685
285 6.596
286 7.540
287 8.171
288 8.738
289 8.808
290 9.540
291 10.017
292 9.548
293 9.839
294 9.248
295 9.181
296 9.011
297 8.898
298 8.772
299 9.464
300 8.992
301 8.341
302 7.783
303 7.042
304 6.290
305 6.050
306 6.394
307 6.984
308 7.614
309 8.448
310 9.502
311 10.263
312 10.680
313 10.646
314 10.376
315 10.011
316 9.228
317 9.221
318 8.288
319 8.295
320 9.151
321 8.988
322 9.229
323 9.764
324 9.811
325 9.739
326 10.423
327 11.115
328 10.267
329 10.270
330 10.426
331 9.802
332 9.759
333 9.096
334 9.764
335 10.263
336 10.376
337 11.104
338 11.496
339 11.534
340 12.070
341 11.522
342 11.369
343 11.266
344 10.757
345 10.261
346 9.535
347 10.089
348 10.269
349 9.821
350 10.471
351 10.894
352 11.580
353 11.426
354 10.826
355 9.956
356 8.821
357 8.201
358 8.199
359 8.000
360 8.789
361 8.989
362 9.500
363 9.757
364 10.319
365 11.272
366 11.321
367 10.572
368 10.514
369 9.351
370 8.497
371 8.361
372 8.527
373 8.981
374 9.734
375 9.947
376 10.154
377 9.857
378 10.347
379 9.856
380 9.657
381 9.695
382 9.762
383 9.723
384 10.031
385 9.560
386 9.897
387 9.975
388 9.791
389 9.698
390 9.196
391 9.109
392 9.397
393 9.213
394 10.109
395 10.544
396 10.516
397 9.878
398 9.746
399 8.721
400 7.540
401 7.488
402 6.817
403 6.034
404 5.592
405 4.577
406 3.953
407 3.279
408 2.661
409 1.883
410 1.246
411 0.867
412 0.285
413 -0.488
414 -0.642
415 -0.717
416 -0.766
417 -0.797
418 -0.501
419 -0.607
420 -0.991
421 -0.619
422 -0.081
423 0.629
424 1.562
425 1.847
426 3.500
427 4.668
428 6.293
429 7.209
430 8.258
431 9.608
432 10.096
433 10.292
434 11.023
435 10.554
436 10.478
437 10.468
438 10.935
439 11.365
440 11.316
441 11.723
442 11.426
443 11.004
444 11.389
445 10.637
446 10.686
447 9.880
448 9.552
449 9.657
450 9.494
451 9.987
452 10.310
453 10.479
454 11.093
455 11.433
456 11.110
457 11.122
458 11.362
459 11.312
460 11.600
461 11.047
462 11.477
463 11.026
464 10.848
465 10.020
466 9.750
467 9.154
468 8.803
469 8.517
470 7.342
471 7.350
472 7.780
473 8.349
474 8.340
475 8.462
476 8.640
477 8.186
478 8.456
479 8.302
480 9.261
481 9.570
482 10.586
483 10.697
484 10.607
485 11.095
486 11.128
487 10.147
488 9.393
489 9.574
490 9.479
491 9.041
492 8.285
493 8.463
494 8.717
495 8.436
496 8.373
497 8.439
498 8.763
499 8.599
500 7.808
501 7.404
502 8.356
503 9.065
504 9.155
505 10.029
506 10.904
507 11.304
508 11.162
509 10.841
510 11.069
511 11.637
512 11.062
513 11.002
514 11.516
515 11.938
516 12.005
517 11.738
518 11.305
519 11.441
520 10.953
521 10.202
522 9.184
523 9.127
524 8.992
525 9.030
526 9.142
527 9.830
528 10.035
529 9.468
530 8.141
531 7.666
532 7.355
533 5.926
534 4.519
535 3.911
536 3.800
537 4.467
538 4.907
539 5.679
540 5.675
541 6.700
542 6.734
543 6.472
544 6.019
545 6.066
546 6.056
547 5.883
548 6.068
549 6.963
550 7.466
551 7.370
552 6.821
553 7.379
554 7.813
555 7.445
556 6.827
557 6.420
558 6.005
559 6.397
560 6.452
561 6.944
562 7.607
563 8.183
564 8.511
565 8.782
566 9.180
567 9.413
568 9.077
569 9.209
570 9.344
571 10.330
572 9.858
573 9.648
574 10.262
575 11.444
576 12.260
577 12.811
578 12.852
579 13.675
580 13.799
581 13.522
582 13.453
583 12.337
584 11.795
585 11.507
586 10.166
587 9.589
588 8.816
589 8.751
590 7.950
591 7.686
592 7.340
593 7.320
594 6.638
595 6.685
596 6.271
597 6.007
598 5.508
599 5.519
600 5.750
601 6.101
602 6.602
603 6.789
604 6.736
605 7.450
606 8.085
607 7.867
608 7.685
609 8.021
610 8.164
611 8.842
612 8.879
613 8.868
614 8.588
615 8.724
616 9.518
617 9.307
618 8.689
619 8.813
620 8.078
621 8.134
622 7.881
623 7.729
624 7.966
625 7.547
626 8.318
627 7.897
628 7.436
629 7.131
630 7.066
631 6.828
632 6.925
633 6.636
634 6.442
635 6.241
636 6.052
637 6.258
638 5.761
639 5.585
640 5.250
641 6.019
642 6.620
643 6.913
644 7.245
645 6.666
646 7.478
647 7.428
648 7.006
649 5.645
650 4.987
651 4.393
652 4.402
653 5.160
654 5.122
655 5.593
656 5.927
657 5.580
658 5.982
659 6.225
660 5.327
661 4.782
662 4.328
663 5.003
664 5.925
665 6.017
666 6.471
667 6.591
668 7.300
669 7.188
670 7.341
671 6.809
672 6.077
673 5.921
674 5.903
675 6.631
676 6.517
677 5.639
678 5.454
679 5.206
680 4.524
681 3.881
682 3.987
683 4.191
684 4.099
685 4.546
686 5.439
687 5.188
688 5.680
689 6.324
690 7.244
691 7.969
692 8.616
693 8.920
694 9.070
695 9.319
696 9.649
697 9.468
698 10.113
699 9.496
700 9.933
701 9.376
702 8.591
703 9.287
704 9.696
705 10.282
706 10.881
707 10.864
708 10.124
709 10.000
710 9.531
711 9.263
712 9.055
713 8.260
714 8.115
715 7.856
716 7.768
717 7.027
718 7.478
719 6.650
720 5.945
721 6.366
722 5.908
723 5.368
724 5.256
725 5.222
726 4.865
727 5.090
728 5.654
729 6.245
730 6.914
731 7.876
732 9.274
733 10.065
734 11.682
735 12.823
736 13.461
737 12.732
738 12.697
739 12.485
740 10.965
741 10.093
742 10.638
743 9.592
744 9.519
745 10.213
746 9.994
747 9.564
748 9.462
749 9.716
750 9.053
751 8.921
752 8.880
753 8.435
754 8.282
755 8.338
756 9.222
757 9.825
758 9.915
759 10.010
760 9.979
761 9.228
762 9.797
763 9.898
764 8.969
765 9.501
766 9.039
767 9.195
768 9.317
769 9.271
770 9.130
771 9.747
772 9.209
773 9.072
774 9.645
775 9.115
776 8.437
777 8.186
778 7.928
779 7.511
780 8.003
781 8.400
782 9.042
783 10.207
784 10.499
785 11.401
786 11.645
787 11.300
788 11.983
789 12.247
790 12.055
791 12.551
792 12.023
793 11.283
794 11.599
795 11.395
796 11.385
797 11.379
798 11.033
799 10.229
800 9.762
801 9.629
802 9.283
803 9.265
804 9.492
805 9.662
806 10.534
807 10.901
808 10.153
809 9.491
810 8.806
811 9.210
812 8.976
813 8.670
814 8.854
815 8.374
816 8.446
817 8.432
818 8.641
819 9.071
820 8.829
821 8.742
822 8.782
823 8.259
824 7.501
825 6.527
826 6.675
827 7.980
828 7.991
829 7.882
830 7.940
831 7.865
832 7.614
833 7.424
834 8.062
835 7.391
836 7.374
837 7.253
838 6.577
839 6.812
840 7.424
841 7.656
842 7.727
843 8.202
844 9.121
845 9.158
846 9.020
847 9.594
848 10.374
849 10.230
850 10.804
851 10.954
852 11.580
853 11.645
854 12.318
855 12.449
856 12.933
857 13.230
858 13.064
859 12.947
860 12.208
861 12.208
862 11.499
863 11.159
864 10.173
865 9.781
866 9.476
867 8.985
868 8.699
869 8.670
870 8.682
871 9.027
872 8.391
873 8.414
874 8.108
875 7.752
876 7.856
877 7.585
878 7.209
879 7.276
880 6.634
881 6.483
882 6.782
883 7.925
884 8.506
885 8.586
886 8.880
887 9.204
888 8.540
889 8.609
890 8.925
891 9.166
892 9.518
893 10.722
894 11.657
895 12.023
896 12.496
897 13.417
898 13.928
899 14.298
900 14.341
901 14.275
902 13.794
903 13.287
904 13.746
905 13.842
906 13.803
907 14.251
908 14.579
909 14.244
910 14.510
911 14.154
912 14.083
913 14.305
914 14.043
915 14.675
916 13.619
917 12.733
918 12.702
919 12.869
920 12.020
921 11.625
922 11.603
923 10.401
924 10.160
925 9.708
926 9.542
927 9.506
928 9.474
929 9.980
930 10.113
931 10.044
932 9.210
933 9.914
934 9.069
