11	96.19
12	96.19
13	96.19
14	96.19
15	96.19
16	96.19
17	96.19
18	96.19
19	96.19
20	95.24
21	96.19
22	97.14
23	97.14
24	97.14
25	97.14
26	97.14
27	97.14
28	97.14
29	97.14
30	97.14
31	97.14
32	97.14
33	97.14
34	97.14
35	97.14
36	94.29
37	94.29
38	94.29
39	94.29
40	94.29
41	97.14
42	97.14
43	97.14
44	97.14
45	97.14
46	97.14
47	97.14
48	97.14
49	97.14
50	97.14
51	97.14
52	97.14
53	97.14
54	97.14
55	97.14
56	97.14
57	98.10
58	96.19
59	94.29
60	93.33
61	93.33
62	93.33
63	93.33
64	93.33
65	93.33
66	93.33
67	93.33
68	93.33
69	93.33
70	93.33
71	93.33
72	93.33
73	93.33
74	93.33
75	93.33
76	93.33
77	93.33
78	95.24
79	97.14
80	97.14
81	95.24
82	95.24
83	95.24
84	95.24
85	95.24
86	95.24
87	95.24
88	95.24
89	95.24
90	95.24
91	95.24
92	95.24
93	95.24
94	95.24
95	95.24
96	95.24
97	95.24
98	95.24
99	95.24
100	95.24
101	96.19
102	98.10
103	96.19
104	94.29
105	92.38
106	92.38
107	92.38
108	92.38
109	92.38
110	92.38
111	92.38
112	92.38
113	92.38
114	92.38
115	92.38
116	92.38
117	92.38
118	92.38
119	92.38
120	92.38
121	92.38
122	93.33
123	94.29
124	96.19
125	98.10
126	100.00
127	100.00
128	100.00
129	100.00
130	100.00
131	100.00
132	100.00
133	100.00
134	100.00
135	100.00
136	100.00
137	100.00
138	100.00
139	100.00
140	100.00
141	100.00
142	100.00
143	100.00
144	100.00
145	100.00
146	98.10
147	96.19
148	94.29
149	92.38
150	91.43
151	90.48
152	89.52
153	88.57
154	87.62
155	87.62
156	87.62
157	87.62
158	87.62
159	87.62
160	87.62
161	87.62
162	87.62
163	87.62
164	87.62
165	87.62
166	87.62
167	89.52
168	91.43
169	93.33
170	95.24
171	92.38
172	89.52
173	87.62
174	85.71
175	83.81
176	80.95
177	80.00
178	80.00
179	80.00
180	80.00
181	80.00
182	80.00
183	80.00
184	80.00
185	80.00
186	80.00
187	80.00
188	80.00
189	80.00
190	80.00
191	80.00
