10 9.070
11 9.606
12 9.506
13 9.473
14 9.069
15 9.551
16 9.097
17 9.130
18 9.600
19 9.092
20 9.194
21 8.885
22 8.807
23 8.361
24 8.423
25 8.048
26 8.327
27 9.039
28 8.922
29 9.126
30 9.516
31 10.332
32 10.283
33 10.373
34 9.731
35 8.304
36 7.029
37 6.006
38 5.283
39 5.128
40 5.818
41 6.652
42 7.057
43 7.230
44 8.046
45 8.151
46 8.123
47 9.067
48 8.966
49 8.306
50 7.854
51 7.752
52 6.365
53 5.503
54 6.125
55 6.066
56 5.789
57 5.117
58 4.608
59 4.317
60 3.744
61 3.200
62 3.451
63 2.810
64 3.015
65 2.839
66 2.374
67 2.283
68 2.001
69 1.197
70 1.177
71 1.573
72 1.942
73 1.570
74 1.937
75 2.077
76 2.150
77 1.602
78 1.594
79 1.826
80 2.062
81 2.592
82 3.191
83 2.928
84 3.221
85 3.052
86 3.212
87 3.137
88 3.409
89 3.081
90 3.265
91 2.678
92 1.937
93 1.689
94 1.604
95 1.739
96 2.630
97 2.503
98 3.602
99 4.478
100 4.569
101 5.060
102 6.022
103 6.632
104 7.544
105 8.708
106 9.745
107 10.359
108 10.483
109 10.127
110 10.265
111 10.773
112 10.601
113 9.687
114 9.355
115 7.746
116 6.677
117 5.777
118 5.097
119 4.548
120 4.145
121 4.161
122 4.225
123 3.795
124 2.928
125 2.793
126 2.194
127 2.020
128 2.402
129 2.222
130 1.336
131 1.835
132 2.314
133 2.345
134 2.834
135 3.769
136 4.680
137 4.802
138 4.766
139 5.003
140 4.900
141 5.655
142 6.378
143 6.547
144 6.769
145 6.790
146 6.696
147 6.216
148 6.225
149 6.861
150 6.235
151 6.835
152 6.589
153 6.737
154 7.372
155 6.871
156 7.273
157 8.003
158 7.592
159 8.013
160 7.534
161 7.197
162 8.228
163 8.009
164 8.906
165 9.636
166 9.922
167 10.788
168 10.711
169 11.550
170 11.984
171 12.549
172 13.411
173 13.113
174 13.361
175 13.298
176 13.076
177 12.784
178 12.238
179 12.157
180 11.529
181 10.462
182 9.333
183 8.823
184 7.450
185 6.386
186 5.735
187 4.688
188 3.630
189 2.437
190 1.814
191 0.693
192 0.567
193 0.070
194 -0.395
195 -0.662
196 0.050
197 -0.803
198 -0.789
199 -0.218
200 0.434
201 1.249
202 1.085
203 1.233
204 2.219
205 2.366
206 3.228
207 3.101
208 3.698
209 3.936
210 4.670
211 5.203
212 6.571
213 7.661
214 8.419
215 9.174
216 10.943
217 12.221
218 12.790
219 12.981
220 12.059
221 11.393
222 10.934
223 9.537
224 8.731
225 7.818
226 7.836
227 7.516
228 8.271
229 8.991
230 9.408
231 9.499
232 10.767
233 10.615
234 11.008
235 11.892
236 12.402
237 12.764
238 12.768
239 13.271
240 12.992
241 12.163
242 12.331
243 11.069
244 10.122
245 9.873
246 10.001
247 9.603
248 9.519
249 10.488
250 11.696
251 11.841
252 12.681
253 12.708
254 12.944
255 12.574
256 12.656
257 13.203
258 12.581
259 13.166
260 13.314
261 13.047
262 13.336
263 13.095
264 13.353
265 13.433
266 12.991
267 13.597
268 13.264
269 13.297
270 12.889
271 13.486
272 14.669
273 14.570
274 15.277
275 16.079
276 15.981
277 16.477
278 16.763
279 16.567
280 16.131
281 15.921
282 15.316
283 15.407
284 15.219
285 15.499
286 15.326
287 15.605
288 15.183
