10 1.992
11 1.595
12 0.778
13 0.848
14 0.065
15 -0.018
16 0.548
17 0.959
18 1.255
19 2.044
20 2.640
21 3.065
22 3.509
23 4.020
24 4.867
25 4.650
26 4.816
27 4.815
28 5.103
29 5.212
30 5.462
31 6.199
32 5.906
33 6.091
34 5.640
35 4.330
36 3.708
37 3.999
38 4.018
39 4.191
40 4.651
41 5.565
42 6.684
43 6.587
44 7.635
45 7.625
46 7.936
47 8.687
48 9.432
49 9.271
50 8.990
51 10.192
52 10.338
53 10.466
54 10.896
55 10.412
56 9.216
57 8.441
58 7.986
59 7.639
60 7.248
61 7.077
62 8.041
63 7.610
64 7.893
65 8.062
66 7.637
67 7.018
68 7.324
69 7.654
70 7.521
71 7.137
72 6.958
73 6.910
74 7.641
75 8.810
76 9.243
77 9.727
78 9.497
79 9.706
80 10.268
81 10.501
82 10.584
83 10.957
84 10.198
85 9.212
86 8.300
87 7.412
88 7.468
89 6.550
90 6.892
91 6.789
92 6.663
93 6.495
94 5.968
95 6.543
96 6.506
97 7.105
98 7.727
99 7.426
100 7.668
101 8.499
102 8.447
103 8.624
104 8.913
105 9.258
106 8.844
107 7.992
108 8.772
109 8.376
110 8.446
111 9.215
112 9.002
113 9.037
114 8.689
115 8.647
116 8.556
117 8.714
118 9.617
119 8.933
120 9.028
121 8.754
122 9.018
123 8.540
124 8.909
125 8.789
126 9.009
127 8.933
128 8.991
129 9.096
130 8.611
131 9.299
132 9.885
133 10.012
134 10.484
135 9.883
136 9.441
137 9.136
138 9.895
139 9.726
140 10.105
141 9.476
142 9.104
143 8.026
144 8.214
145 7.982
146 8.038
147 7.776
148 8.525
149 8.672
150 8.516
151 8.613
152 8.649
153 8.676
154 8.574
155 9.388
156 9.656
157 10.360
158 10.966
159 10.556
160 11.033
161 10.798
162 10.737
163 10.405
164 9.765
165 9.600
166 9.967
167 9.511
168 9.817
169 9.486
170 8.665
171 8.182
172 7.955
173 8.044
174 8.191
175 8.728
176 8.134
177 7.834
178 7.505
179 6.666
180 6.222
181 5.548
182 4.220
183 3.926
184 3.737
185 3.250
186 2.570
187 2.033
188 1.954
189 1.661
190 2.075
191 2.463
192 3.245
193 4.159
194 5.647
195 6.482
196 6.693
197 7.840
198 8.594
199 8.495
200 8.398
201 9.164
202 8.885
203 8.322
204 8.597
205 8.305
206 8.039
207 7.915
208 8.129
209 7.927
210 7.914
211 7.908
212 7.928
213 7.561
214 7.640
215 7.952
216 7.355
217 6.980
218 7.143
219 7.366
220 6.534
221 6.698
222 6.194
223 6.006
224 6.603
225 6.728
226 6.693
227 6.338
228 6.297
229 6.368
230 6.809
231 6.738
232 6.919
233 7.815
234 8.408
235 8.478
236 8.605
237 9.386
238 9.348
239 9.654
240 9.907
241 10.417
242 10.741
243 11.040
244 10.857
245 10.245
246 9.711
247 9.454
248 8.599
249 8.306
250 8.437
251 7.727
252 6.546
253 6.099
254 6.578
255 6.459
256 6.040
257 5.756
258 6.205
259 6.329
260 6.232
261 7.197
262 7.487
263 8.416
264 9.215
265 10.293
266 10.184
267 10.570
268 10.843
269 10.939
270 11.178
271 11.050
272 10.330
273 9.676
274 9.145
275 9.221
276 9.054
277 8.383
278 8.548
279 8.954
280 8.880
281 8.581
282 8.399
283 9.181
284 8.589
285 8.842
286 9.402
287 9.715
288 9.212
289 8.676
290 9.451
291 10.143
292 10.266
293 11.271
294 11.110
295 11.217
296 10.966
297 10.854
298 10.371
299 10.287
300 10.177
301 11.173
302 10.829
303 11.004
304 10.243
305 9.173
306 8.412
307 8.278
308 8.815
309 9.061
310 9.283
311 9.586
312 9.735
313 10.495
314 10.981
315 11.565
316 11.342
317 11.143
318 9.989
319 9.950
320 9.605
321 9.099
322 8.732
323 9.520
324 10.528
325 10.571
326 10.232
327 9.809
328 9.154
329 8.557
330 8.421
331 8.192
332 7.770
333 7.504
334 7.225
335 7.027
336 7.260
337 6.701
338 6.079
339 5.103
340 4.648
341 5.241
342 5.593
343 6.020
344 7.316
345 8.969
346 9.950
347 10.636
348 10.793
349 11.183
350 11.436
351 10.825
352 10.592
353 10.113
354 10.428
355 9.794
356 10.312
357 10.295
358 10.973
359 10.974
360 10.187
361 8.897
362 8.101
363 8.170
364 8.117
365 8.065
366 8.863
367 9.121
368 9.040
369 9.532
370 9.885
371 10.504
372 10.575
373 10.550
374 10.313
375 9.951
376 9.448
377 8.851
378 8.772
379 9.282
380 10.239
381 10.868
382 11.286
383 10.949
384 10.898
385 10.470
386 10.334
387 9.958
388 9.396
389 9.264
390 8.514
391 8.955
392 9.321
393 9.253
394 9.815
395 10.253
396 10.215
397 9.196
398 9.279
399 8.654
400 7.948
401 7.615
402 8.149
403 8.313
404 8.928
405 9.003
406 8.629
407 9.079
408 9.191
409 9.036
410 8.934
411 8.694
412 8.752
413 8.160
414 7.625
415 7.101
416 6.956
417 6.724
418 6.234
419 5.939
420 6.019
421 5.984
422 6.532
423 6.068
424 6.746
425 7.091
426 7.685
427 8.059
428 7.994
429 8.028
430 7.922
431 8.472
432 8.495
433 8.496
434 8.347
435 8.337
436 9.007
437 10.104
438 10.497
439 11.098
440 11.362
441 11.137
442 11.598
443 11.060
444 11.425
445 10.565
446 9.937
447 9.246
448 8.463
449 7.129
450 6.302
451 6.341
452 6.660
453 7.003
454 7.992
455 7.812
456 7.808
457 8.096
458 7.677
459 7.970
460 8.051
461 8.622
462 9.432
463 9.774
464 10.400
465 10.547
466 11.195
467 11.091
468 11.438
469 11.502
470 11.650
471 11.948
472 12.087
473 11.885
474 12.324
475 12.333
476 12.253
477 12.188
478 11.567
479 11.759
480 11.392
481 11.052
482 11.390
483 11.582
484 11.620
485 10.885
486 10.680
487 10.227
488 8.933
489 8.165
490 7.809
491 7.724
492 8.002
493 7.916
494 8.155
495 8.051
496 8.188
497 8.925
498 8.361
499 8.539
500 8.753
501 7.768
502 7.390
503 7.202
504 7.716
505 7.192
506 6.953
507 7.612
508 7.643
509 7.616
510 7.931
511 8.457
512 8.714
513 9.562
514 10.875
515 10.777
516 10.870
517 10.991
518 10.049
519 10.269
520 10.901
521 11.604
522 11.277
523 11.142
524 11.290
525 11.285
526 10.708
527 10.572
528 9.970
529 9.132
530 8.829
531 8.818
532 7.656
533 6.627
534 6.378
535 5.801
536 5.364
537 5.244
538 4.148
539 2.847
540 1.571
541 1.068
542 0.022
543 -0.556
544 -0.845
545 -0.504
546 -0.205
547 -0.327
548 -0.485
549 -0.841
550 -0.356
551 -0.220
552 -0.088
553 0.127
554 0.539
555 1.853
556 3.284
557 4.888
558 6.687
559 8.513
560 10.066
561 11.787
562 12.834
563 13.582
564 14.299
565 13.979
566 13.985
567 13.475
568 13.414
569 12.474
570 12.406
571 12.687
572 12.677
573 11.875
574 11.570
575 11.626
576 11.475
577 11.767
578 11.812
579 11.042
580 10.507
581 10.544
582 10.563
583 11.024
584 11.520
585 11.646
586 12.486
587 12.208
588 12.384
589 12.776
590 12.552
591 12.245
592 12.467
593 11.563
594 11.059
595 11.210
596 10.991
597 10.937
598 11.505
599 11.092
600 11.026
601 10.945
602 10.483
603 10.424
604 10.271
605 9.261
606 8.478
607 8.250
608 7.857
609 7.216
610 7.191
611 7.636
612 8.203
613 8.401
614 9.396
615 9.171
616 9.330
617 9.093
618 8.824
619 7.571
620 7.080
621 7.010
622 7.028
623 6.861
624 7.339
625 7.641
626 7.764
627 8.424
628 9.258
629 9.937
630 10.205
631 11.240
632 11.004
633 10.757
634 10.962
635 10.583
636 9.643
637 9.900
638 10.013
639 9.355
640 9.213
641 9.020
642 9.465
643 8.977
644 8.792
645 9.008
646 8.904
647 9.351
648 9.349
649 9.264
650 9.346
651 9.296
652 8.725
653 9.314
654 10.357
655 10.588
656 10.492
657 9.976
658 9.774
659 9.047
660 8.960
661 7.759
662 7.520
663 7.406
664 7.158
665 7.262
666 6.733
667 6.664
668 6.697
669 6.067
670 7.017
671 7.918
672 7.667
673 7.233
674 7.838
675 7.997
676 8.206
677 8.409
678 8.660
679 8.101
680 8.459
681 8.216
682 7.589
683 7.052
684 7.393
685 7.428
686 7.289
687 7.519
688 8.379
689 7.768
690 7.437
691 6.914
692 7.376
693 7.245
694 7.074
695 6.934
696 6.874
697 7.175
698 7.778
699 8.690
700 9.698
701 10.955
702 11.439
703 12.048
704 12.548
705 12.278
706 11.969
707 10.419
708 9.282
709 8.663
710 8.098
711 6.592
712 5.759
713 5.812
714 5.600
715 5.077
716 4.226
717 4.128
718 3.751
719 4.010
720 3.506
721 3.650
722 3.448
723 4.284
724 4.873
725 5.035
726 5.424
727 5.526
728 5.777
729 6.028
730 7.094
731 7.048
732 7.004
733 7.236
734 7.340
735 7.956
736 7.908
737 7.748
738 7.587
739 8.101
740 8.579
741 8.755
742 7.573
743 7.329
744 6.502
745 6.412
746 5.920
747 5.221
748 5.545
749 4.982
750 5.920
751 5.872
752 6.546
753 6.759
754 6.428
755 6.187
756 7.364
757 7.710
758 7.716
759 8.220
760 8.715
761 9.652
762 10.005
763 10.021
764 9.710
765 9.672
766 9.648
767 9.797
768 10.536
769 10.429
770 10.501
771 10.480
772 10.115
773 9.711
774 9.149
775 7.954
776 7.127
777 6.887
778 6.951
779 6.833
780 7.144
781 7.949
782 8.125
783 7.911
784 7.906
785 6.990
786 6.487
787 6.464
788 6.363
789 7.073
790 7.356
791 8.111
792 8.395
793 8.959
794 8.392
795 8.221
796 7.258
797 6.236
798 5.742
799 5.222
800 5.238
801 4.976
802 4.609
803 4.147
804 3.952
805 3.765
806 3.751
807 3.798
808 4.121
809 4.296
810 4.660
811 6.143
812 6.005
813 7.198
814 8.432
815 9.934
816 10.923
817 11.090
818 11.008
819 10.011
820 9.680
821 9.336
822 9.868
823 10.211
824 9.964
825 9.251
826 9.417
827 8.812
828 9.482
829 9.791
830 9.807
831 10.382
832 10.486
833 10.137
834 10.011
835 9.584
836 9.460
837 8.955
838 8.034
839 8.065
840 7.510
841 6.808
842 6.470
843 6.684
844 6.981
845 6.626
846 7.277
847 7.039
848 7.476
849 7.280
850 7.437
851 7.149
852 7.370
853 7.867
854 8.339
855 8.944
856 9.901
857 11.247
858 11.228
859 11.994
860 12.417
861 11.997
862 10.516
863 10.116
864 9.814
865 8.153
866 7.098
867 6.247
868 6.050
869 6.312
870 6.822
871 7.582
872 7.186
873 7.739
874 8.534
875 8.523
876 8.354
877 8.901
878 8.521
879 8.289
880 8.772
881 9.182
882 8.803
883 9.075
884 9.371
885 9.419
886 8.958
887 9.243
888 8.981
889 8.443
890 8.354
891 8.850
892 8.639
893 8.823
894 9.088
895 8.658
896 8.316
897 7.989
898 7.316
899 6.859
900 6.733
901 7.033
902 7.343
903 7.524
904 7.454
905 8.830
906 9.067
907 8.938
908 9.305
909 8.930
910 8.860
911 8.773
912 8.130
913 7.722
914 8.261
915 8.650
916 8.932
917 9.182
918 9.324
919 9.367
920 9.140
921 8.442
922 8.338
923 8.345
924 7.311
925 7.480
926 7.632
927 7.233
928 7.169
929 7.378
930 7.052
931 7.375
932 8.146
933 8.054
934 7.886
935 8.231
936 8.753
937 9.095
938 9.454
939 10.029
940 10.518
941 10.792
942 10.713
943 11.380
944 11.098
945 11.282
946 11.556
947 11.575
948 10.640
949 10.160
950 9.711
951 8.654
952 8.246
953 7.672
954 7.540
955 7.951
956 7.919
957 8.233
958 8.276
959 8.544
960 8.206
961 8.763
962 8.160
963 7.699
964 7.511
965 6.947
966 7.113
967 7.088
