10 1.838
11 1.599
12 0.939
13 1.639
14 1.605
15 2.194
16 2.820
17 3.139
18 3.496
19 4.328
20 4.163
21 4.971
22 5.363
23 6.202
24 6.092
25 6.526
26 6.638
27 6.793
28 6.733
29 7.110
30 7.967
31 8.976
32 8.884
33 9.681
34 8.758
35 9.014
36 8.809
37 8.190
38 7.649
39 8.108
40 7.380
41 7.365
42 7.880
43 8.920
44 9.215
45 10.322
46 10.084
47 10.088
48 10.024
49 9.635
50 8.998
51 8.283
52 8.128
53 7.714
54 6.950
55 6.589
56 6.153
57 6.467
58 6.024
59 7.250
60 7.613
61 7.535
62 7.037
63 7.465
64 6.632
65 6.215
66 6.623
67 6.318
68 5.777
69 5.703
70 6.854
71 6.233
72 7.264
73 8.018
74 8.261
75 8.675
76 7.995
77 7.792
78 6.995
79 7.296
80 7.544
81 8.362
82 7.774
83 7.755
84 8.511
85 7.829
86 7.948
87 7.728
88 7.842
89 7.568
90 7.585
91 7.486
92 7.347
93 7.540
94 7.555
95 8.328
96 8.526
97 8.977
98 8.255
99 7.306
100 7.146
101 7.599
102 8.170
103 7.536
104 7.383
105 6.304
106 6.612
107 6.228
108 5.793
109 6.535
110 6.993
111 7.428
112 7.701
113 8.157
114 7.616
115 8.204
116 8.635
117 9.282
118 9.675
119 9.858
120 9.704
121 9.323
122 9.821
123 9.810
124 10.430
125 10.455
126 10.441
127 10.743
128 9.588
129 8.733
130 8.836
131 7.853
132 7.845
133 7.742
134 7.145
135 7.196
136 7.102
137 7.378
138 7.585
139 7.662
140 7.390
141 7.616
142 8.097
143 8.005
144 7.622
145 6.663
146 5.849
147 6.150
148 5.779
149 5.481
150 6.154
151 6.167
152 6.156
153 6.317
154 6.197
155 7.419
156 8.172
157 8.043
158 8.321
159 8.451
160 7.950
161 7.813
162 7.807
163 7.790
164 7.907
165 8.824
166 8.596
167 9.135
168 9.447
169 9.733
170 9.130
171 9.715
172 9.454
173 9.476
174 8.407
175 7.738
176 7.914
177 7.814
178 8.325
179 8.181
180 8.090
181 7.552
182 7.630
183 7.846
184 7.925
185 8.317
186 8.315
187 8.632
188 8.915
189 9.575
190 9.470
191 9.711
192 9.590
193 9.781
194 9.414
195 8.772
196 8.363
197 8.000
198 8.919
199 9.240
200 9.944
201 11.051
202 11.881
203 11.381
204 11.527
205 11.879
206 10.914
207 10.322
208 10.119
209 9.937
210 9.515
211 9.259
212 9.023
213 9.473
214 9.885
215 10.025
216 9.409
217 8.248
218 7.336
219 6.597
220 5.541
221 5.210
222 4.873
223 5.365
224 5.569
225 6.923
226 7.396
227 7.687
228 8.504
229 9.145
230 9.596
231 9.645
232 9.379
233 8.980
234 9.119
235 8.915
236 8.662
237 8.613
238 8.408
239 8.236
240 8.410
241 9.206
242 9.192
243 9.358
244 8.800
245 9.141
246 9.375
247 8.492
248 8.649
249 7.891
250 8.383
251 8.610
252 8.749
253 8.453
254 8.033
255 7.611
256 7.741
257 6.655
258 6.850
259 6.249
260 6.264
261 5.953
262 5.671
263 5.995
264 5.924
265 5.727
266 6.468
267 5.774
268 6.491
269 6.212
270 5.762
271 6.636
272 7.132
273 7.714
274 8.532
275 9.027
276 10.207
277 10.310
278 10.721
279 10.126
280 9.864
281 9.922
282 9.485
283 9.823
284 10.056
285 10.180
286 10.316
287 9.890
288 9.729
289 9.482
290 8.138
291 7.711
292 6.952
293 6.162
294 5.076
295 3.955
296 3.797
297 3.848
298 4.701
299 5.272
300 5.985
301 7.073
302 7.040
303 7.283
304 6.696
305 6.595
306 6.276
307 6.199
308 5.250
309 5.355
310 5.317
311 6.051
312 6.046
313 6.290
314 6.792
315 6.510
316 7.244
317 7.724
318 8.478
319 8.562
320 9.242
321 9.645
322 9.957
323 11.221
324 11.961
325 12.388
326 12.708
327 13.701
328 13.854
329 13.578
330 13.435
331 12.840
332 12.646
333 12.241
334 11.617
335 10.694
336 9.647
337 9.508
338 9.281
339 9.041
340 9.130
341 8.198
342 6.894
343 6.680
344 6.413
345 6.051
346 5.939
347 5.673
348 6.082
349 6.886
350 7.377
351 8.277
352 8.446
353 9.084
354 9.150
355 9.035
356 8.417
357 8.436
358 7.373
359 6.816
360 7.352
361 7.293
362 6.446
363 6.957
364 7.639
365 7.572
366 7.750
367 7.446
368 6.570
369 6.673
370 6.727
371 6.956
372 5.887
373 5.562
374 6.095
375 6.369
376 6.585
377 6.838
378 7.231
379 7.864
380 8.428
381 9.069
382 9.276
383 8.840
384 9.838
385 10.251
386 11.241
387 12.061
388 11.324
389 11.329
390 10.851
391 10.808
392 11.008
393 10.608
394 9.722
395 9.843
396 10.592
397 10.004
398 9.411
399 9.670
400 9.377
401 8.346
402 8.217
403 7.295
404 6.873
405 6.224
406 5.555
407 6.276
408 5.864
409 6.169
410 5.985
411 5.791
412 6.307
413 6.665
414 6.765
415 6.388
416 6.465
417 7.006
418 7.719
419 7.568
420 8.330
421 8.221
422 7.867
423 7.075
424 7.014
425 6.946
426 6.144
427 5.420
428 5.842
429 7.022
430 7.137
431 7.300
432 7.887
433 7.792
434 7.411
435 7.372
436 6.085
437 5.544
438 5.938
439 5.013
440 5.351
441 5.349
442 5.553
443 4.875
444 4.086
445 4.028
446 3.756
447 3.016
448 2.791
449 2.091
450 2.213
451 3.268
452 2.862
453 3.937
454 4.886
455 6.199
456 5.810
457 5.805
458 5.678
459 4.947
460 5.126
461 5.185
462 5.668
463 5.727
464 5.854
465 5.699
466 5.660
467 5.201
468 5.548
469 6.182
470 5.653
471 5.969
472 6.202
473 5.572
474 5.529
475 6.445
476 6.175
477 6.416
478 6.624
479 6.943
480 6.999
481 7.542
482 8.781
483 8.773
484 9.456
485 9.445
486 10.578
487 10.498
488 9.718
489 10.000
490 9.582
491 9.057
492 9.575
493 9.644
494 9.966
495 10.839
496 11.537
497 12.358
498 12.575
499 12.633
500 11.742
501 10.921
502 10.385
503 10.496
504 10.746
505 9.136
506 8.682
507 8.295
508 7.394
509 7.389
510 7.273
511 6.595
512 5.976
513 5.920
514 6.717
515 7.348
516 7.659
517 7.484
518 7.934
519 8.387
520 8.244
521 8.851
522 8.113
523 7.988
524 8.948
525 8.703
526 8.322
527 8.126
528 8.030
529 7.721
530 8.333
531 8.647
532 8.448
533 8.748
534 9.705
535 9.557
536 9.749
537 9.360
538 8.714
539 8.727
540 8.400
541 7.900
542 7.926
543 7.791
544 9.048
545 9.461
546 9.307
547 9.617
548 9.067
549 8.710
550 9.704
551 9.937
552 9.080
553 9.080
554 8.995
555 9.324
556 9.546
557 10.554
558 9.823
559 9.709
560 10.247
561 10.080
562 10.513
563 10.454
564 11.131
565 11.252
566 10.863
567 10.903
568 10.541
569 10.031
570 10.372
571 11.282
572 10.559
573 10.709
574 10.566
575 10.008
576 9.548
577 9.625
578 9.059
579 8.647
580 8.949
581 8.193
582 7.878
583 7.865
584 8.546
585 9.270
586 9.447
587 9.921
588 9.789
589 9.338
590 8.799
591 8.682
592 8.609
593 8.219
594 8.388
595 8.143
596 8.159
597 8.654
598 9.071
599 8.415
600 8.931
601 8.455
602 7.938
603 8.103
604 7.631
605 7.902
606 8.153
607 7.802
608 8.146
609 8.341
610 9.047
611 9.365
612 9.718
613 9.645
614 9.750
615 9.893
616 10.058
617 9.593
618 10.279
619 9.703
620 10.185
621 9.868
622 9.310
623 9.976
624 10.287
625 9.768
626 9.669
627 9.393
628 8.601
629 8.496
630 8.615
631 8.862
632 9.494
633 9.882
634 10.416
635 10.413
636 11.409
637 12.129
638 12.604
639 12.100
640 12.422
641 12.820
642 11.613
643 11.169
644 11.423
645 11.088
646 10.281
647 10.455
648 9.543
649 8.516
650 7.748
651 7.279
652 6.574
653 5.278
654 4.264
655 2.981
656 1.913
657 1.494
658 0.676
659 0.331
660 -0.274
661 -0.094
662 -0.561
663 -0.806
664 -0.858
665 -1.177
666 -1.584
667 -1.210
668 -0.982
669 -0.687
670 0.110
671 1.465
672 3.002
673 4.299
674 5.491
675 7.009
676 8.125
677 9.347
678 9.778
679 10.267
680 10.552
681 10.478
682 9.650
683 10.050
684 10.691
685 10.645
686 11.196
687 10.750
688 10.431
689 10.098
690 9.497
691 8.117
692 7.547
693 7.577
694 7.485
695 7.733
696 7.674
697 7.635
698 7.982
699 8.420
700 9.319
701 9.744
702 9.576
703 9.076
704 8.989
705 8.130
706 7.971
707 8.254
708 8.326
709 8.259
710 9.678
711 9.708
712 9.586
713 9.841
714 9.728
715 10.005
716 9.967
717 9.218
718 9.108
719 9.202
720 9.728
721 9.300
722 8.756
723 8.573
724 7.959
725 7.412
726 6.299
727 5.247
728 5.176
729 4.467
730 4.528
731 4.376
732 4.482
733 5.064
734 5.604
735 6.688
736 7.870
737 7.892
738 8.011
739 7.612
740 7.927
741 8.237
742 8.078
743 7.933
744 8.119
745 8.068
746 7.344
747 6.974
748 7.829
749 8.574
750 8.672
751 8.809
752 9.111
753 9.350
754 9.346
755 9.972
756 10.645
757 11.224
758 11.389
759 10.637
760 11.259
761 12.020
762 12.338
763 12.121
764 11.991
765 12.137
766 11.789
767 11.250
768 10.122
769 9.798
770 9.256
771 8.709
772 7.717
773 7.084
774 6.553
775 5.977
776 4.855
777 4.512
778 5.183
779 4.754
780 4.439
781 4.467
782 4.855
783 5.280
784 5.213
785 4.853
786 4.580
787 3.823
788 3.176
789 2.698
790 2.769
791 2.811
792 2.987
793 3.457
794 3.601
795 4.335
796 4.744
797 4.169
798 4.143
799 4.562
800 5.673
801 5.688
802 5.343
803 6.091
804 6.941
805 6.686
806 7.619
807 8.007
808 8.058
809 8.393
810 9.665
811 10.666
812 11.071
813 11.111
814 10.469
815 11.003
816 10.962
817 10.616
818 9.574
819 8.821
820 8.367
821 8.052
822 7.661
823 7.297
824 7.271
825 7.318
826 7.078
827 6.931
828 6.947
829 7.114
830 6.699
831 6.622
832 6.810
833 7.374
834 7.340
835 7.644
836 8.195
837 7.955
838 7.692
839 7.978
840 8.097
841 8.448
842 8.317
843 7.926
844 7.415
845 7.470
846 7.934
847 7.580
848 8.020
849 8.679
850 8.660
851 9.122
852 8.933
853 8.208
854 8.595
855 8.180
856 9.091
857 8.839
858 8.756
859 8.596
860 7.512
861 6.999
862 7.629
863 7.358
864 7.289
865 7.783
866 7.416
867 7.431
868 7.085
869 7.864
870 7.623
871 8.089
872 8.585
873 8.749
874 9.497
875 9.465
876 10.518
877 10.474
878 10.701
879 10.774
880 10.828
881 10.177
882 9.431
883 9.125
884 8.812
885 8.507
886 7.189
887 6.988
888 6.019
889 5.722
890 4.962
891 4.640
892 4.994
893 5.668
894 6.883
895 7.871
896 8.959
897 9.204
898 9.876
899 9.444
900 9.038
901 8.686
902 7.744
903 7.083
904 6.853
905 7.560
906 6.947
907 6.725
908 6.484
909 6.035
910 5.855
911 4.866
912 4.473
913 4.470
914 4.174
915 4.924
916 5.936
917 5.887
918 6.771
919 6.933
920 7.338
921 8.153
922 8.340
923 9.164
924 8.784
925 8.835
926 8.588
927 9.537
928 10.281
929 10.257
930 10.923
931 10.726
932 9.938
933 10.375
934 10.783
935 11.231
936 12.052
937 11.982
938 12.180
939 12.173
940 11.213
941 11.217
942 10.085
943 8.918
944 8.480
945 8.042
946 6.731
947 6.185
948 5.997
949 5.058
950 4.733
951 4.717
952 3.881
953 3.518
954 3.579
955 4.221
956 4.569
957 4.712
958 5.308
959 5.615
960 5.334
961 5.806
962 7.119
963 7.336
964 7.901
965 8.887
966 10.176
967 10.310
968 11.029
969 11.161
970 10.661
971 9.990
972 8.919
973 8.425
974 7.902
975 8.619
976 9.168
977 9.027
978 9.663
979 10.319
980 10.402
981 10.045
982 10.714
983 11.246
984 10.812
985 9.495
986 9.499
987 9.119
988 8.725
989 8.741
990 9.176
991 8.833
992 8.896
993 9.118
994 8.761
995 8.719
996 8.844
997 8.720
998 8.927
999 8.668
1000 7.892
1001 8.179
1002 8.025
1003 8.491
1004 9.776
1005 9.814
1006 9.871
1007 10.405
1008 9.579
1009 8.920
1010 9.405
1011 9.012
1012 9.263
1013 10.160
1014 10.602
1015 10.344
1016 10.094
1017 10.121
1018 10.920
1019 11.504
1020 11.189
1021 10.270
1022 9.346
1023 8.763
1024 8.998
1025 8.721
1026 8.493
1027 8.623
1028 8.989
1029 8.706
1030 8.714
1031 8.690
1032 8.616
1033 8.806
1034 9.023
1035 9.511
1036 9.492
1037 8.785
1038 8.874
1039 8.480
1040 9.025
1041 9.487
1042 9.983
1043 9.833
1044 9.938
1045 10.596
1046 11.577
1047 11.753
1048 11.866
1049 12.262
1050 11.321
1051 10.785
1052 10.108
1053 10.131
1054 8.900
1055 8.816
1056 9.034
1057 8.386
1058 8.762
1059 9.231
1060 9.621
1061 9.415
1062 10.010
1063 10.170
1064 10.179
1065 10.474
1066 9.994
1067 9.853
1068 10.090
1069 11.075
1070 12.174
1071 13.104
1072 12.728
1073 12.978
1074 12.129
1075 11.379
1076 10.559
1077 9.491
1078 9.290
1079 8.988
1080 9.444
1081 9.011
1082 9.574
1083 9.256
1084 9.150
1085 9.438
1086 9.315
1087 8.830
1088 8.680
1089 7.431
1090 7.628
1091 7.983
1092 7.343
1093 7.509
1094 7.258
1095 7.926
1096 8.549
1097 8.905
1098 9.172
1099 9.322
1100 9.561
1101 10.079
1102 10.245
1103 9.889
1104 10.198
1105 11.018
1106 11.311
1107 11.803
1108 12.584
1109 12.572
1110 12.968
1111 13.239
1112 13.234
1113 13.311
1114 12.688
1115 11.859
1116 11.458
1117 10.996
1118 10.083
1119 10.096
1120 9.603
1121 10.149
1122 10.025
1123 9.718
1124 8.963
1125 8.677
1126 8.387
1127 8.739
1128 9.119
1129 9.021
1130 9.158
1131 8.597
1132 8.764
1133 8.463
1134 9.065
1135 9.720
1136 9.984
1137 10.506
1138 11.107
1139 11.940
1140 12.199
1141 13.293
1142 13.857
1143 14.598
1144 14.251
1145 14.588
1146 14.467
1147 14.333
1148 13.457
1149 13.902
1150 13.658
1151 12.802
1152 12.128
1153 11.903
1154 11.183
1155 11.143
1156 10.817
1157 10.040
1158 9.116
1159 9.459
1160 9.017
1161 8.938
1162 8.761
1163 8.724
1164 7.547
1165 7.582
1166 8.026
1167 9.198
1168 9.313
1169 10.321
1170 10.993
1171 11.079
1172 10.683
1173 10.853
1174 10.696
1175 10.593
1176 10.140
1177 10.356
1178 9.182
1179 9.199
1180 8.947
1181 8.442
1182 8.171
1183 8.742
1184 8.809
1185 8.415
1186 8.407
1187 7.898
1188 6.551
1189 6.090
1190 6.694
1191 7.576
1192 8.024
1193 8.626
1194 9.121
1195 9.743
1196 10.212
1197 11.080
1198 11.156
1199 11.167
1200 11.474
1201 11.813
1202 11.281
1203 10.873
1204 10.246
1205 10.079
1206 10.718
1207 11.130
1208 10.806
1209 10.844
1210 10.971
1211 10.452
1212 10.128
1213 9.815
1214 9.279
1215 8.963
1216 9.297
1217 9.658
1218 9.975
1219 10.741
1220 11.739
1221 11.745
1222 12.350
1223 12.731
1224 12.888
1225 12.658
1226 12.743
1227 12.660
1228 11.640
1229 11.016
1230 11.598
1231 11.584
1232 11.949
1233 11.798
1234 10.981
1235 11.021
1236 11.307
1237 11.293
1238 11.561
1239 11.125
1240 10.633
1241 10.361
1242 9.859
1243 9.819
1244 9.226
1245 9.219
1246 9.156
