10 8.779
11 8.236
12 7.359
13 6.632
14 6.350
15 5.404
16 4.837
17 4.204
18 3.189
19 1.817
20 1.708
21 2.037
22 2.424
23 2.733
24 2.803
25 3.398
26 3.410
27 3.465
28 4.191
29 4.814
30 5.810
31 6.413
32 6.540
33 6.787
34 6.936
35 7.768
36 7.724
37 7.889
38 8.546
39 7.893
40 7.660
41 8.031
42 8.087
43 7.877
44 7.541
45 6.877
46 7.305
47 7.699
48 8.440
49 7.246
50 7.236
51 7.699
52 7.676
53 7.646
54 6.887
55 7.208
56 6.996
57 6.595
58 6.006
59 5.469
60 4.931
61 5.453
62 6.999
63 7.943
64 8.697
65 9.454
66 9.580
67 9.808
68 10.589
69 11.080
70 10.639
71 9.808
72 10.145
73 10.024
74 9.488
75 9.321
76 9.242
77 9.286
78 9.252
79 9.068
80 8.150
81 6.910
82 6.948
83 7.156
84 7.152
85 7.014
86 6.616
87 7.047
88 6.850
89 7.216
90 8.481
91 8.441
92 8.694
93 8.663
94 9.208
95 9.325
96 9.458
97 9.604
98 8.740
99 8.289
100 7.692
101 7.333
102 7.172
103 6.543
104 6.366
105 6.928
106 6.926
107 6.908
108 6.977
109 6.843
110 6.989
111 7.193
112 7.344
113 6.497
114 6.503
115 6.765
116 6.467
117 7.174
118 7.788
119 8.285
120 7.559
121 7.049
122 7.733
123 8.216
124 8.305
125 7.800
126 7.462
127 7.858
128 8.283
129 8.416
130 8.575
131 8.501
132 8.596
133 8.572
134 9.419
135 9.425
136 9.853
137 10.183
138 10.514
139 11.372
140 11.268
141 10.996
142 10.407
143 10.193
144 10.845
145 11.153
146 10.908
147 10.938
148 11.177
149 11.747
150 12.084
151 12.534
152 12.941
153 12.898
154 13.736
155 13.571
156 13.321
157 13.016
158 12.492
159 12.778
160 12.519
161 12.419
162 11.336
163 11.012
164 10.727
165 10.309
166 9.936
167 9.723
168 8.442
169 7.928
170 7.539
171 7.201
172 7.854
173 8.496
174 9.285
175 10.106
176 9.761
177 10.007
178 8.926
179 8.289
180 7.933
181 7.554
182 6.370
183 6.372
184 5.884
185 6.299
186 7.216
187 8.435
188 9.763
189 10.277
190 10.327
191 9.251
192 8.377
193 7.243
194 6.600
195 7.518
196 7.266
197 7.426
198 7.086
199 7.323
200 7.591
201 7.811
202 7.300
203 8.058
204 7.659
205 7.711
206 7.792
207 8.129
208 8.584
209 9.375
210 10.640
211 11.105
212 11.485
213 11.937
214 11.270
215 11.090
216 10.769
217 10.808
218 10.269
219 10.057
220 10.203
221 10.387
222 9.981
223 10.970
224 10.880
225 10.379
226 9.127
227 8.467
228 7.260
229 6.508
230 5.787
231 6.161
232 5.943
233 5.984
234 6.571
235 7.183
236 6.814
237 7.386
238 7.259
239 7.698
240 7.687
241 7.765
242 7.537
243 7.917
244 8.928
245 10.002
246 9.636
247 10.149
248 9.888
249 10.563
250 10.183
251 10.650
252 10.367
253 9.349
254 8.705
255 9.257
256 8.648
257 8.958
258 8.823
259 9.575
260 9.550
261 9.607
262 9.013
263 7.884
264 7.405
265 8.568
266 8.431
267 9.085
268 8.668
269 9.250
270 8.985
271 9.161
272 9.018
273 9.107
274 8.907
275 8.221
276 7.662
277 7.617
278 7.590
279 8.355
280 8.133
281 8.315
282 8.354
283 8.509
284 8.461
285 8.303
286 8.366
287 8.701
288 8.013
289 7.282
290 6.728
291 7.380
292 7.111
293 7.460
294 8.935
295 9.927
296 10.534
297 10.426
298 10.433
299 10.302
300 10.717
301 10.685
302 9.961
303 9.611
304 9.425
305 9.262
306 9.200
307 9.339
308 9.384
309 9.250
310 8.373
311 7.754
312 7.295
313 6.555
314 6.280
315 6.214
316 6.817
317 6.400
318 6.784
319 6.581
320 7.265
321 7.988
322 8.861
323 9.543
324 10.166
325 10.595
326 10.693
327 11.391
328 11.758
329 12.339
330 12.787
331 12.361
332 12.039
333 11.761
334 11.404
335 11.160
336 11.462
337 11.835
338 12.015
339 12.028
340 10.973
341 10.796
342 10.856
343 10.028
344 9.584
345 9.275
346 7.853
347 7.196
348 6.444
349 6.072
350 6.753
351 7.452
352 8.336
353 9.424
354 9.237
355 9.636
356 8.716
357 8.197
358 7.924
359 7.725
360 6.545
361 6.393
362 5.884
363 6.299
364 7.216
365 8.580
366 10.053
367 10.734
368 10.983
369 10.058
370 9.306
371 8.598
372 7.862
373 8.633
374 8.193
375 8.145
376 7.495
377 7.525
378 7.620
379 7.631
380 7.217
381 7.938
382 7.413
383 7.694
384 7.630
385 7.560
386 7.735
387 8.306
388 9.368
389 9.501
390 9.489
391 10.038
392 9.551
393 9.803
394 10.272
395 10.697
396 10.406
397 10.529
398 10.712
399 10.508
400 9.890
401 10.723
402 9.991
403 9.520
404 8.782
405 8.645
406 7.884
407 7.526
408 7.727
409 8.751
410 8.651
411 8.733
412 8.969
413 8.957
414 9.295
415 9.145
416 8.775
417 8.692
418 8.518
419 8.555
420 8.458
421 8.971
422 9.570
423 10.530
424 9.936
425 9.875
426 9.323
427 9.326
428 8.522
429 8.426
430 7.732
431 6.473
432 5.544
433 5.566
434 6.117
435 6.595
436 6.910
437 7.826
438 7.943
439 8.055
440 7.691
441 7.381
442 6.856
443 7.795
444 8.005
445 9.177
446 8.999
447 9.691
448 9.569
449 10.044
450 10.007
451 10.162
452 9.986
453 9.237
454 8.637
455 8.551
456 8.439
457 9.158
458 8.927
459 9.062
460 9.869
461 9.906
462 10.036
463 10.073
464 9.673
465 9.571
466 9.131
467 8.695
468 8.031
469 8.491
470 8.310
471 8.564
472 9.704
473 10.238
474 10.198
475 10.077
476 9.515
477 10.027
478 10.056
479 9.351
480 8.893
481 8.243
482 8.033
483 8.256
484 9.178
485 9.621
486 10.014
487 10.271
488 10.066
489 9.963
490 10.006
491 8.603
492 8.182
493 8.081
494 7.999
495 7.744
496 7.144
497 7.336
498 7.831
499 8.422
500 9.288
501 9.929
502 10.057
503 10.679
504 10.894
505 11.551
506 12.030
507 12.173
508 12.941
509 12.898
510 13.736
511 13.571
512 13.321
513 13.016
514 12.492
515 12.778
516 12.519
517 12.419
518 11.314
519 10.978
520 10.888
521 10.396
522 9.917
523 9.582
524 8.164
525 7.527
526 7.048
527 6.657
528 7.307
529 7.749
530 8.524
531 9.375
532 9.058
533 9.301
534 8.283
535 7.641
536 7.143
537 6.750
538 5.482
539 5.335
540 4.873
541 5.335
542 6.360
543 7.690
544 9.070
545 9.695
546 9.852
547 8.901
548 8.377
549 7.243
550 6.600
551 7.518
552 7.266
553 7.426
554 7.086
555 7.323
556 7.591
557 7.796
558 7.275
559 7.607
560 7.215
561 7.030
562 7.102
563 7.135
564 7.469
565 8.211
566 9.294
567 9.292
568 9.097
569 9.063
570 7.793
571 7.765
572 7.368
573 7.494
574 7.082
575 7.195
576 7.583
577 8.145
578 8.442
579 9.409
580 9.954
581 10.010
582 9.627
583 9.685
584 8.989
585 8.695
586 8.292
587 8.692
588 8.323
589 8.127
590 7.829
591 8.176
592 8.147
593 8.300
594 8.300
595 8.638
596 8.479
597 8.177
598 8.172
599 8.566
600 9.037
601 9.803
602 9.009
603 8.886
604 8.224
605 8.529
606 7.862
607 8.298
608 8.346
609 7.713
610 7.334
611 7.259
612 7.264
613 7.393
614 8.004
615 9.009
616 9.630
617 9.864
618 9.465
619 9.497
620 8.963
621 10.094
622 10.165
623 10.867
624 11.200
625 12.018
626 12.019
627 12.180
628 12.093
629 12.050
630 10.899
631 9.778
632 8.746
633 7.820
634 7.245
635 7.621
636 7.179
637 7.312
638 7.454
639 8.099
640 7.873
641 8.154
642 8.780
643 8.404
644 8.044
645 7.750
646 7.150
647 6.993
648 6.686
649 7.153
650 8.090
651 7.944
652 7.743
653 7.389
654 7.015
655 6.768
656 7.049
657 7.118
658 6.774
659 6.488
660 6.380
661 6.790
662 7.594
663 7.991
664 8.221
665 8.236
666 8.632
667 8.367
668 8.195
669 7.600
670 7.836
671 7.992
672 8.325
673 8.020
674 7.524
675 7.317
676 6.617
677 6.452
678 6.522
679 6.484
680 6.117
681 5.945
682 5.847
683 5.662
684 5.355
685 5.038
686 4.689
687 3.525
688 2.862
689 2.856
690 2.099
691 1.469
692 0.626
693 0.708
