10 9.601
11 9.089
12 8.443
13 7.431
14 6.694
15 5.685
16 4.851
17 4.882
18 3.787
19 2.781
20 3.137
21 2.845
22 3.411
23 3.863
24 3.999
25 4.625
26 4.646
27 4.476
28 5.224
29 5.859
30 6.857
31 7.411
32 7.473
33 7.463
34 7.430
35 8.298
36 7.724
37 7.889
38 8.546
39 7.893
40 7.660
41 8.031
42 8.087
43 7.877
44 7.541
45 6.877
46 7.305
47 7.699
48 8.440
49 7.246
50 7.236
51 7.699
52 7.676
53 7.646
54 6.887
55 7.208
56 6.996
57 6.595
58 6.006
59 5.469
60 4.931
61 5.453
62 6.999
63 7.943
64 8.697
65 9.454
66 9.580
67 9.808
68 10.844
69 10.447
70 9.926
71 8.974
72 9.130
73 8.625
74 7.740
75 7.080
76 6.508
77 6.360
78 6.374
79 6.412
80 5.822
81 5.075
82 5.635
83 6.182
84 6.062
85 6.171
86 5.711
87 5.716
88 6.430
89 6.726
90 7.804
91 7.862
92 8.144
93 8.177
94 8.323
95 8.505
96 8.724
97 8.956
98 8.223
99 7.880
100 7.378
101 7.207
102 7.061
103 6.837
104 6.670
105 7.135
106 7.066
107 7.000
108 6.907
109 6.756
110 6.745
111 6.970
112 7.130
113 6.736
114 6.584
115 6.739
116 6.332
117 7.060
118 7.907
119 8.279
120 7.469
121 6.929
122 7.530
123 7.944
124 8.182
125 7.716
126 7.403
127 7.919
128 8.312
129 8.407
130 9.222
131 9.219
132 9.388
