10 0.888
11 1.495
12 1.968
13 2.945
14 3.850
15 5.017
16 5.377
17 5.556
18 6.843
19 7.716
20 8.786
21 9.875
22 9.978
23 10.580
24 11.523
25 11.324
26 11.347
27 11.066
28 12.123
29 11.940
30 11.695
31 11.963
32 11.041
33 10.614
34 9.992
35 10.055
36 10.347
37 10.228
38 10.888
39 10.933
40 10.964
41 11.616
42 12.700
43 12.251
44 12.694
45 11.972
46 11.450
47 10.094
48 10.024
49 8.949
50 7.648
51 7.782
52 6.431
53 5.695
54 4.557
55 3.714
56 2.869
57 2.045
58 2.438
59 3.226
60 3.259
61 3.737
62 3.960
63 4.402
64 5.426
65 6.555
66 7.389
67 7.239
68 8.017
69 8.834
70 8.996
71 9.639
72 10.140
73 10.628
74 10.202
75 10.361
76 9.931
77 9.198
78 8.340
79 8.639
80 8.361
81 8.910
82 8.758
83 8.412
84 8.420
85 8.259
86 8.038
87 8.347
88 7.927
89 7.684
90 7.836
91 7.379
92 6.734
93 7.585
94 7.182
95 7.951
96 8.323
97 9.272
98 9.447
99 9.128
100 8.936
101 8.147
102 8.320
103 8.456
104 8.528
105 9.232
106 9.224
107 9.313
108 9.656
109 9.009
110 9.731
111 10.235
112 9.286
113 9.476
114 9.015
115 9.060
116 8.623
117 8.810
118 8.670
119 9.097
120 9.137
121 9.184
122 9.430
123 9.605
124 10.160
125 10.097
126 10.097
127 9.657
128 9.373
129 8.838
130 7.900
131 7.418
132 6.866
133 5.633
134 4.569
135 4.212
136 4.073
137 4.929
138 4.614
139 5.031
140 5.337
141 4.848
142 5.300
143 4.680
144 5.713
145 6.429
146 6.888
147 7.141
148 7.261
149 8.472
150 9.165
151 9.085
