10 0.069
11 -0.038
12 0.440
13 0.880
14 1.042
15 1.588
16 2.457
17 2.768
18 3.358
19 3.309
20 4.260
21 4.962
22 5.717
23 6.148
24 7.350
25 8.540
26 9.667
27 10.128
28 10.848
29 10.847
30 12.089
31 11.713
32 11.648
33 11.985
34 12.140
35 12.017
36 11.531
37 10.640
38 10.714
39 9.601
40 9.015
41 8.304
42 7.532
43 7.115
44 6.285
45 6.191
46 6.097
47 6.231
48 6.421
49 6.509
50 6.279
51 6.498
52 6.823
53 6.056
54 5.929
55 6.893
56 7.531
57 7.541
58 7.834
59 9.188
60 9.413
61 10.433
62 9.629
63 10.102
64 9.482
65 8.954
66 9.118
67 9.541
68 9.570
69 10.410
70 11.020
71 10.652
72 10.800
73 10.798
74 9.894
75 9.611
76 9.184
77 8.886
78 8.091
79 8.503
80 7.583
81 8.790
82 8.590
83 8.921
84 9.416
85 9.229
86 9.294
87 9.531
88 8.951
89 9.022
90 9.482
91 10.269
92 10.292
93 11.215
94 11.400
95 11.566
96 11.146
97 11.279
98 10.335
99 10.201
100 9.133
101 9.394
102 8.482
103 8.112
104 7.532
105 7.551
106 7.377
107 7.855
108 7.763
109 8.270
110 7.974
111 8.491
112 8.416
113 8.818
114 8.370
115 8.259
116 8.268
117 8.186
118 8.552
119 8.790
120 8.081
121 8.144
122 8.043
123 8.773
124 9.483
125 9.445
126 9.202
127 9.276
128 8.931
129 8.838
130 8.679
131 8.264
132 8.231
133 8.679
134 8.658
135 8.646
136 9.135
137 9.693
138 10.092
139 10.250
140 10.921
141 10.288
142 10.450
143 9.884
144 9.185
145 8.842
146 8.331
147 7.857
148 7.574
149 7.398
150 7.663
151 7.035
152 6.335
153 6.384
154 5.687
155 5.266
156 4.832
157 5.294
158 5.307
159 5.162
160 5.150
161 5.236
162 5.098
163 5.306
164 5.712
165 5.654
166 5.311
167 6.208
168 6.581
169 6.134
170 6.603
171 7.747
172 7.535
173 7.243
174 7.914
175 8.154
176 7.586
177 7.874
178 7.063
179 6.756
180 6.267
181 6.641
182 7.668
183 8.393
184 9.419
185 10.523
186 9.954
187 10.205
188 10.587
189 10.061
190 9.110
191 9.264
192 9.089
193 7.723
194 8.021
195 7.953
196 7.963
197 8.547
198 8.583
199 8.573
200 8.908
201 8.456
202 8.303
203 7.818
204 7.444
205 7.807
206 8.293
207 8.752
208 8.999
209 9.436
210 9.582
211 9.886
212 9.941
213 9.502
214 9.061
215 8.448
216 8.477
217 9.113
218 8.979
219 8.852
220 9.630
221 9.900
222 10.693
223 10.408
224 10.696
225 10.544
226 9.649
227 8.834
228 8.485
229 7.980
230 7.041
231 7.345
232 7.543
233 7.802
234 7.823
235 7.210
236 6.987
237 6.981
238 7.185
239 7.056
240 7.803
241 7.414
242 7.969
243 7.454
244 7.506
245 7.820
246 8.349
247 7.785
248 7.492
249 7.408
250 7.194
251 6.414
252 6.802
253 6.758
254 7.487
255 8.171
256 8.470
257 8.655
258 8.408
259 7.407
260 6.560
261 5.630
262 5.762
263 4.754
264 5.381
265 5.453
266 7.223
267 7.557
268 8.259
269 8.995
270 9.636
271 9.480
272 9.871
273 9.765
274 9.102
275 9.425
276 9.284
277 9.322
278 9.213
279 8.954
280 9.699
281 9.610
282 9.955
283 9.232
284 8.842
285 7.628
286 7.136
287 7.235
288 6.694
289 6.564
290 7.291
291 8.668
292 9.239
293 10.023
294 10.945
295 10.759
296 10.792
297 10.374
298 10.064
299 8.958
300 8.288
301 7.932
302 7.949
303 7.673
304 7.870
305 7.764
306 7.081
307 6.832
308 7.149
309 6.862
310 6.751
311 7.277
312 7.220
313 6.416
314 7.137
315 7.659
316 7.851
317 8.308
318 8.889
319 9.273
320 9.620
321 9.695
322 9.710
323 9.729
324 10.401
325 11.450
326 12.219
327 11.789
328 11.966
329 12.109
330 12.161
331 12.420
332 12.246
333 11.435
334 10.609
335 10.454
336 9.654
337 8.465
338 8.400
339 7.736
340 8.111
341 7.819
342 6.534
343 5.356
344 3.928
345 2.147
346 1.599
347 0.261
348 -1.070
349 -1.985
350 -2.457
351 -2.238
352 -2.600
353 -3.007
354 -3.150
355 -2.873
356 -2.145
357 -1.688
358 -0.078
359 0.377
360 1.439
361 2.940
362 4.671
363 5.809
364 6.892
365 8.017
366 9.273
367 9.557
368 9.296
369 9.082
370 8.841
371 8.972
